nan,nan,nan,nan,nan,nan,nan,nan,nan,nan,nan,nan,nan,nan,nan,nan,nan,nan,nan,nan,nan,nan,nan,nan,nan,nan,nan,nan,nan,nan,nan,nan,nan,nan,nan,nan,nan,nan,nan,nan,nan,nan,nan,nan,nan,nan,nan,nan,nan,nan,nan,nan,nan,nan,nan,nan,nan,nan,nan,nan,nan,nan,nan,nan,nan,nan,nan,nan,nan,nan,nan,nan,nan,nan,nan,nan,nan,nan,nan,nan,nan,nan,nan,nan,nan,nan,nan,nan,nan,nan,nan,nan,nan,nan,nan,nan,nan,nan,nan,nan,nan,nan,nan,nan,nan,nan,nan,nan,nan,nan,nan,nan,nan,nan,nan,nan,nan,nan,nan,nan,nan,nan,nan,nan,nan
nan,nan,nan,nan,nan,nan,nan,nan,nan,nan,nan,nan,nan,nan,nan,nan,nan,nan,nan,nan,nan,nan,nan,nan,nan,nan,nan,nan,nan,nan,nan,nan,nan,nan,nan,nan,nan,nan,nan,nan,nan,nan,nan,nan,nan,nan,nan,nan,nan,nan,nan,nan,nan,nan,nan,nan,nan,nan,nan,nan,nan,nan,nan,nan,nan,nan,nan,nan,nan,nan,nan,nan,nan,nan,nan,nan,nan,nan,nan,nan,nan,nan,nan,nan,nan,nan,nan,nan,nan,nan,nan,nan,nan,nan,nan,nan,nan,nan,nan,nan,nan,nan,nan,nan,nan,nan,nan,nan,nan,nan,nan,nan,nan,nan,nan,nan,nan,nan,nan,nan,nan,nan,nan,nan,nan
nan,nan,nan,nan,nan,nan,nan,nan,nan,nan,nan,nan,nan,nan,nan,nan,nan,nan,nan,nan,nan,nan,nan,nan,nan,nan,nan,nan,nan,nan,nan,nan,nan,nan,nan,nan,nan,nan,nan,nan,nan,nan,nan,nan,nan,nan,nan,nan,nan,nan,nan,nan,nan,nan,nan,nan,nan,nan,nan,nan,nan,nan,nan,nan,nan,nan,nan,nan,nan,nan,nan,nan,nan,nan,nan,nan,nan,nan,nan,nan,nan,nan,nan,nan,nan,nan,nan,nan,nan,nan,nan,nan,nan,nan,nan,nan,nan,nan,nan,nan,nan,nan,nan,nan,nan,nan,nan,nan,nan,nan,nan,nan,nan,nan,nan,nan,nan,nan,nan,nan,nan,nan,nan,nan,nan
nan,nan,nan,nan,nan,nan,nan,nan,nan,nan,nan,nan,nan,nan,nan,nan,nan,nan,nan,nan,nan,nan,nan,nan,nan,nan,nan,nan,nan,nan,nan,nan,nan,nan,nan,nan,nan,nan,nan,nan,nan,nan,nan,nan,nan,nan,nan,nan,nan,nan,nan,nan,nan,nan,nan,nan,nan,nan,nan,nan,nan,nan,nan,nan,nan,nan,nan,nan,nan,nan,nan,nan,nan,nan,nan,nan,nan,nan,nan,nan,nan,nan,nan,nan,nan,nan,nan,nan,nan,nan,nan,nan,nan,nan,nan,nan,nan,nan,nan,nan,nan,nan,nan,nan,nan,nan,nan,nan,nan,nan,nan,nan,nan,nan,nan,nan,nan,nan,nan,nan,nan,nan,nan,nan,nan
nan,nan,nan,nan,nan,nan,nan,nan,nan,nan,nan,nan,nan,nan,nan,nan,nan,nan,nan,nan,nan,nan,nan,nan,nan,nan,nan,nan,nan,nan,nan,nan,nan,nan,nan,nan,nan,nan,nan,nan,nan,nan,nan,nan,nan,nan,nan,nan,nan,nan,nan,nan,nan,nan,nan,nan,nan,nan,nan,nan,nan,nan,nan,nan,nan,nan,nan,nan,nan,nan,nan,nan,nan,nan,nan,nan,nan,nan,nan,nan,nan,nan,nan,nan,nan,nan,nan,nan,nan,nan,nan,nan,nan,nan,nan,nan,nan,nan,nan,nan,nan,nan,nan,nan,nan,nan,nan,nan,nan,nan,nan,nan,nan,nan,nan,nan,nan,nan,nan,nan,nan,nan,nan,nan,nan
nan,nan,nan,nan,nan,nan,nan,nan,nan,nan,nan,nan,nan,nan,nan,nan,nan,nan,nan,nan,nan,nan,nan,nan,nan,nan,nan,nan,nan,nan,nan,nan,nan,nan,nan,nan,nan,nan,nan,nan,nan,nan,nan,nan,nan,nan,nan,nan,nan,nan,nan,nan,nan,nan,nan,nan,nan,nan,nan,nan,nan,nan,nan,nan,nan,nan,nan,nan,nan,nan,nan,nan,nan,nan,nan,nan,nan,nan,nan,nan,nan,nan,nan,nan,nan,nan,nan,nan,nan,nan,nan,nan,nan,nan,nan,nan,nan,nan,nan,nan,nan,nan,nan,nan,nan,nan,nan,nan,nan,nan,nan,nan,nan,nan,nan,nan,nan,nan,nan,nan,nan,nan,nan,nan,nan
nan,nan,nan,nan,nan,nan,nan,nan,nan,nan,nan,nan,nan,nan,nan,nan,nan,nan,nan,nan,nan,nan,nan,nan,nan,nan,nan,nan,nan,nan,nan,nan,nan,nan,nan,nan,nan,nan,nan,nan,nan,nan,nan,nan,nan,nan,nan,nan,nan,nan,nan,nan,nan,nan,nan,nan,nan,nan,nan,nan,nan,nan,nan,nan,nan,nan,nan,nan,nan,nan,nan,nan,nan,nan,nan,nan,nan,nan,nan,nan,nan,nan,nan,nan,nan,nan,nan,nan,nan,nan,nan,nan,nan,nan,nan,nan,nan,nan,nan,nan,nan,nan,nan,nan,nan,nan,nan,nan,nan,nan,nan,nan,nan,nan,nan,nan,nan,nan,nan,nan,nan,nan,nan,nan,nan
nan,nan,nan,nan,nan,nan,nan,nan,nan,nan,nan,nan,nan,nan,nan,nan,nan,nan,nan,nan,nan,nan,nan,nan,nan,nan,nan,nan,nan,nan,nan,nan,nan,nan,nan,nan,nan,nan,nan,nan,nan,nan,nan,nan,nan,nan,nan,nan,nan,nan,nan,nan,nan,nan,nan,nan,nan,nan,nan,nan,nan,nan,nan,nan,nan,nan,nan,nan,nan,nan,nan,nan,nan,nan,nan,nan,nan,nan,nan,nan,nan,nan,nan,nan,nan,nan,nan,nan,nan,nan,nan,nan,nan,nan,nan,nan,nan,nan,nan,nan,nan,nan,nan,nan,nan,nan,nan,nan,nan,nan,nan,nan,nan,nan,nan,nan,nan,nan,nan,nan,nan,nan,nan,nan,nan
nan,nan,nan,nan,nan,nan,nan,nan,nan,nan,nan,nan,nan,nan,nan,nan,nan,nan,nan,nan,nan,nan,nan,nan,nan,nan,nan,nan,nan,nan,nan,nan,nan,nan,nan,nan,nan,nan,nan,nan,nan,nan,nan,nan,nan,nan,nan,nan,nan,nan,nan,nan,nan,nan,nan,nan,nan,nan,nan,nan,nan,nan,nan,nan,nan,nan,nan,nan,nan,nan,nan,nan,nan,nan,nan,nan,nan,nan,nan,nan,nan,nan,nan,nan,nan,nan,nan,nan,nan,nan,nan,nan,nan,nan,nan,nan,nan,nan,nan,nan,nan,nan,nan,nan,nan,nan,nan,nan,nan,nan,nan,nan,nan,nan,nan,nan,nan,nan,nan,nan,nan,nan,nan,nan,nan
nan,nan,nan,nan,nan,nan,nan,nan,nan,nan,nan,nan,nan,nan,nan,nan,nan,nan,nan,nan,nan,nan,nan,nan,nan,nan,nan,nan,nan,nan,nan,nan,nan,nan,nan,nan,nan,nan,nan,nan,nan,nan,nan,nan,nan,nan,nan,nan,nan,nan,nan,nan,nan,nan,nan,nan,nan,nan,nan,nan,nan,nan,nan,nan,nan,nan,nan,nan,nan,nan,nan,nan,nan,nan,nan,nan,nan,nan,nan,nan,nan,nan,nan,nan,nan,nan,nan,nan,nan,nan,nan,nan,nan,nan,nan,nan,nan,nan,nan,nan,nan,nan,nan,nan,nan,nan,nan,nan,nan,nan,nan,nan,nan,nan,nan,nan,nan,nan,nan,nan,nan,nan,nan,nan,nan
nan,nan,nan,nan,nan,nan,nan,nan,nan,nan,nan,nan,nan,nan,nan,nan,nan,nan,nan,nan,nan,nan,nan,nan,nan,nan,nan,nan,nan,nan,nan,nan,nan,nan,nan,nan,nan,nan,nan,nan,nan,nan,nan,nan,nan,nan,nan,nan,nan,nan,nan,nan,nan,nan,nan,nan,nan,nan,nan,nan,nan,nan,nan,nan,nan,nan,nan,nan,nan,nan,nan,nan,nan,nan,nan,nan,nan,nan,nan,nan,nan,nan,nan,nan,nan,nan,nan,nan,nan,nan,nan,nan,nan,nan,nan,nan,nan,nan,nan,nan,nan,nan,nan,nan,nan,nan,nan,nan,nan,nan,nan,nan,nan,nan,nan,nan,nan,nan,nan,nan,nan,nan,nan,nan,nan
nan,nan,nan,nan,nan,nan,nan,nan,nan,nan,nan,nan,nan,nan,nan,nan,nan,nan,nan,nan,nan,nan,nan,nan,nan,nan,nan,nan,nan,nan,nan,nan,nan,nan,nan,nan,nan,nan,nan,nan,nan,nan,nan,nan,nan,nan,nan,nan,nan,nan,nan,nan,nan,nan,nan,nan,nan,nan,nan,nan,nan,nan,nan,nan,nan,nan,nan,nan,9.301768302917480469e+00,nan,nan,9.017794609069824219e+00,8.417404174804687500e+00,7.945337295532226562e+00,7.217233180999755859e+00,6.980350494384765625e+00,6.784145355224609375e+00,nan,nan,nan,nan,nan,nan,nan,nan,nan,nan,nan,nan,nan,nan,nan,nan,nan,nan,nan,nan,nan,nan,nan,nan,nan,nan,nan,nan,nan,nan,nan,nan,nan,nan,nan,nan,nan,nan,nan,nan,nan,nan,nan,nan,nan,nan,nan,nan
nan,nan,nan,nan,nan,nan,nan,nan,nan,nan,nan,nan,nan,nan,nan,nan,nan,nan,nan,nan,nan,nan,nan,nan,nan,nan,nan,nan,nan,nan,nan,nan,nan,nan,nan,nan,nan,nan,nan,nan,nan,nan,nan,nan,nan,nan,nan,nan,nan,nan,nan,nan,nan,nan,nan,nan,nan,nan,nan,nan,nan,nan,nan,5.718482971191406250e+00,5.950029850006103516e+00,6.788052082061767578e+00,7.441371440887451172e+00,8.012121200561523438e+00,7.745196342468261719e+00,1.606504058837890625e+01,9.142850875854492188e+00,8.563201904296875000e+00,8.041794776916503906e+00,1.153592586517333984e+01,1.055521965026855469e+01,5.124185562133789062e+00,5.195345401763916016e+00,5.833657741546630859e+00,5.891151428222656250e+00,6.184088706970214844e+00,6.777168273925781250e+00,nan,nan,nan,nan,nan,nan,nan,nan,nan,nan,nan,nan,nan,nan,nan,nan,nan,nan,nan,nan,nan,nan,nan,nan,nan,nan,nan,nan,nan,nan,nan,nan,nan,nan,nan,nan,nan,nan,nan,nan,nan,nan,nan,nan
nan,nan,nan,nan,nan,nan,nan,nan,nan,nan,nan,nan,nan,nan,nan,nan,nan,nan,nan,nan,nan,nan,nan,nan,nan,nan,nan,nan,nan,nan,nan,nan,nan,nan,nan,nan,nan,nan,nan,nan,nan,nan,nan,nan,nan,nan,nan,nan,nan,nan,nan,nan,nan,nan,nan,nan,nan,nan,nan,nan,nan,nan,4.981515884399414062e+00,8.153549194335937500e+00,8.266240119934082031e+00,8.673735618591308594e+00,1.034289550781250000e+01,6.004184722900390625e+00,6.219355106353759766e+00,1.516133785247802734e+01,1.173590850830078125e+01,8.272830963134765625e+00,1.427906227111816406e+01,7.502064704895019531e+00,3.246607542037963867e+00,2.799942970275878906e+00,4.070543766021728516e+00,1.177369022369384766e+01,1.864888000488281250e+01,1.533678627014160156e+01,6.268055915832519531e+00,6.387931346893310547e+00,nan,5.775981426239013672e+00,nan,nan,nan,nan,nan,nan,nan,nan,nan,nan,nan,nan,nan,nan,nan,nan,nan,nan,nan,nan,nan,nan,nan,nan,nan,nan,nan,nan,nan,nan,nan,nan,nan,nan,nan,nan,nan,nan,nan,nan,nan
nan,nan,nan,nan,nan,nan,nan,nan,nan,nan,nan,nan,nan,nan,nan,nan,nan,nan,nan,nan,nan,nan,nan,nan,nan,nan,nan,nan,nan,nan,nan,nan,nan,nan,nan,nan,nan,nan,nan,nan,nan,nan,nan,nan,nan,nan,nan,nan,nan,nan,nan,nan,nan,nan,nan,nan,nan,nan,2.010529756546020508e+00,2.693874597549438477e+00,3.521780014038085938e+00,7.229999065399169922e+00,5.056759834289550781e+00,5.849926471710205078e+00,5.170400142669677734e+00,8.060685157775878906e+00,1.061016750335693359e+01,4.509332180023193359e+00,5.923863410949707031e+00,1.188837623596191406e+01,1.107540416717529297e+01,1.308033275604248047e+01,1.220366859436035156e+01,3.744982004165649414e+00,5.127141952514648438e+00,-5.293204784393310547e-01,3.680683135986328125e+00,6.640879154205322266e+00,9.840544700622558594e+00,8.907609939575195312e+00,9.874869346618652344e+00,5.622831344604492188e+00,5.609682559967041016e+00,5.292573928833007812e+00,nan,nan,nan,nan,nan,nan,nan,nan,nan,nan,nan,nan,nan,nan,nan,nan,nan,nan,nan,nan,nan,nan,nan,nan,nan,nan,nan,nan,nan,nan,nan,nan,nan,nan,nan,nan,nan,nan,nan,nan,nan
nan,nan,nan,nan,nan,nan,nan,nan,nan,nan,nan,nan,nan,nan,nan,nan,nan,nan,nan,nan,nan,nan,nan,nan,nan,nan,nan,nan,nan,nan,nan,nan,nan,nan,nan,nan,nan,nan,nan,nan,nan,nan,nan,nan,nan,nan,nan,nan,nan,nan,nan,nan,nan,nan,nan,nan,2.518872618675231934e-01,1.245338201522827148e+00,3.508397817611694336e+00,4.823882579803466797e+00,3.827733755111694336e+00,3.214537143707275391e+00,4.959355354309082031e+00,-3.740391731262207031e+00,4.732784748077392578e+00,7.389354705810546875e+00,5.188744068145751953e+00,5.274290084838867188e+00,2.265134096145629883e+00,1.022977066040039062e+01,1.255203819274902344e+01,9.537055015563964844e+00,1.019745159149169922e+01,6.407469272613525391e+00,2.632002353668212891e+00,2.213229179382324219e+00,2.727589845657348633e+00,2.890605449676513672e+00,3.014016628265380859e+00,3.532844781875610352e+00,-3.924804449081420898e+00,4.599874973297119141e+00,nan,nan,nan,nan,nan,nan,nan,nan,nan,nan,nan,nan,nan,nan,nan,nan,nan,nan,nan,nan,nan,nan,nan,nan,nan,nan,nan,nan,nan,nan,nan,nan,nan,nan,nan,nan,nan,nan,nan,nan,nan,nan,nan
nan,nan,nan,nan,nan,nan,nan,nan,nan,nan,nan,nan,nan,nan,nan,nan,nan,nan,nan,nan,nan,nan,nan,nan,nan,nan,nan,nan,nan,nan,nan,nan,nan,nan,nan,nan,nan,nan,nan,nan,nan,nan,nan,nan,nan,nan,nan,nan,nan,nan,nan,nan,-3.942983388900756836e+00,-3.044637203216552734e+00,-5.078229427337646484e+00,1.401635885238647461e+00,5.467820763587951660e-01,1.217658758163452148e+00,-3.522735357284545898e+00,5.831216812133789062e+00,4.444246292114257812e+00,2.898921489715576172e+00,1.927458763122558594e+00,-1.382254958152770996e+00,9.402833938598632812e+00,5.557991981506347656e+00,5.585916519165039062e+00,5.258809566497802734e+00,7.861489772796630859e+00,5.684406280517578125e+00,7.653040409088134766e+00,7.028817653656005859e+00,7.789165973663330078e+00,5.365655422210693359e+00,-7.428779602050781250e-01,3.134341239929199219e+00,9.559578895568847656e+00,2.477658033370971680e+00,-3.848479270935058594e+00,-1.684455990791320801e+00,3.010903358459472656e+00,nan,nan,nan,nan,nan,nan,nan,nan,nan,nan,nan,nan,nan,nan,nan,nan,nan,nan,nan,nan,nan,nan,nan,nan,nan,nan,nan,nan,nan,nan,nan,nan,nan,nan,nan,nan,nan,nan,nan,nan,nan,nan,nan,nan
nan,nan,nan,nan,nan,nan,nan,nan,nan,nan,nan,nan,nan,nan,nan,nan,nan,nan,nan,nan,nan,nan,nan,nan,nan,nan,nan,nan,nan,nan,nan,nan,nan,nan,nan,nan,nan,nan,nan,nan,nan,nan,nan,nan,nan,nan,nan,nan,nan,nan,nan,-5.202836990356445312e+00,-4.728844165802001953e+00,-2.390227794647216797e+00,-4.812425613403320312e+00,-3.588729143142700195e+00,1.916659176349639893e-01,2.572920083999633789e+00,3.340187311172485352e+00,-1.038686513900756836e+00,-3.080805540084838867e+00,4.022361278533935547e+00,7.901566028594970703e+00,2.179995298385620117e+00,9.772137641906738281e+00,5.855806827545166016e+00,8.374434471130371094e+00,7.660078048706054688e+00,1.173660945892333984e+01,1.267155456542968750e+01,6.834099292755126953e+00,9.419518470764160156e+00,8.821665763854980469e+00,3.740103960037231445e+00,-1.204905629158020020e+00,3.373389720916748047e+00,1.133992862701416016e+01,5.175899028778076172e+00,1.403147101402282715e+00,1.059111237525939941e+00,nan,nan,nan,nan,nan,nan,nan,nan,nan,nan,nan,nan,nan,nan,nan,nan,nan,nan,nan,nan,nan,nan,nan,nan,nan,nan,nan,nan,nan,nan,nan,nan,nan,nan,nan,nan,nan,nan,nan,nan,nan,nan,nan,nan,nan
nan,nan,nan,nan,nan,nan,nan,nan,nan,nan,nan,nan,nan,nan,nan,nan,nan,nan,nan,nan,nan,nan,nan,nan,nan,nan,nan,nan,nan,nan,nan,nan,nan,nan,nan,nan,nan,nan,nan,nan,nan,nan,nan,nan,nan,nan,nan,nan,-8.053367614746093750e+00,-7.400329589843750000e+00,-8.848287582397460938e+00,-8.118272781372070312e+00,-4.687829017639160156e+00,-1.735978364944458008e+00,-2.426131010055541992e+00,1.069394111633300781e+00,1.774980664253234863e+00,-3.915504932403564453e+00,3.753147602081298828e+00,5.700085639953613281e+00,-5.740817170590162277e-03,5.513852119445800781e+00,9.459799766540527344e+00,7.350011348724365234e+00,8.395342826843261719e+00,5.281854629516601562e+00,5.466687679290771484e+00,6.095676422119140625e+00,1.266897964477539062e+01,1.311526203155517578e+01,4.035917758941650391e+00,6.037162303924560547e+00,1.254957103729248047e+01,7.210986137390136719e+00,1.217943787574768066e+00,1.133720993995666504e+00,3.556891202926635742e+00,1.121237397193908691e+00,2.476074457168579102e+00,-1.402804732322692871e+00,-1.781822323799133301e+00,-2.620452642440795898e+00,nan,nan,nan,nan,nan,nan,nan,nan,nan,nan,nan,nan,nan,nan,nan,nan,nan,nan,nan,nan,nan,nan,nan,nan,nan,nan,nan,nan,nan,nan,nan,nan,nan,nan,nan,nan,nan,nan,nan,nan,nan,nan,nan
nan,nan,nan,nan,nan,nan,nan,nan,nan,nan,nan,nan,nan,nan,nan,nan,nan,nan,nan,nan,nan,nan,nan,nan,nan,nan,nan,nan,nan,nan,nan,nan,nan,nan,nan,nan,nan,nan,nan,nan,nan,nan,nan,nan,nan,nan,nan,nan,-8.519103050231933594e+00,-3.277624130249023438e+00,-9.285499572753906250e+00,-9.129739761352539062e+00,-6.685461044311523438e+00,-3.068449020385742188e+00,-7.043650746345520020e-01,-2.058945298194885254e-01,1.140173912048339844e+00,1.664381861686706543e+00,1.809213995933532715e+00,3.406547069549560547e+00,7.188870906829833984e+00,9.931206703186035156e+00,9.272265434265136719e+00,7.808879375457763672e+00,6.808076381683349609e+00,4.713747024536132812e+00,-3.638450860977172852e+00,1.746425479650497437e-01,1.067350101470947266e+01,4.076056003570556641e+00,3.304672002792358398e+00,7.705964565277099609e+00,5.878697872161865234e+00,-5.115589141845703125e+00,-2.402211278676986694e-01,-8.298251628875732422e-01,-3.594241857528686523e+00,-3.633769273757934570e+00,-4.773749351501464844e+00,-3.316501617431640625e+00,-4.119878292083740234e+00,nan,nan,nan,nan,nan,nan,nan,nan,nan,nan,nan,nan,nan,nan,nan,nan,nan,nan,nan,nan,nan,nan,nan,nan,nan,nan,nan,nan,nan,nan,nan,nan,nan,nan,nan,nan,nan,nan,nan,nan,nan,nan,nan,nan
nan,nan,nan,nan,nan,nan,nan,nan,nan,nan,nan,nan,nan,nan,nan,nan,nan,nan,nan,nan,nan,nan,nan,nan,nan,nan,nan,nan,nan,nan,nan,nan,nan,nan,nan,nan,nan,nan,nan,nan,nan,nan,nan,nan,nan,nan,nan,nan,-6.375697135925292969e+00,-6.873164176940917969e+00,-8.413740158081054688e+00,-9.340089797973632812e+00,-5.212975025177001953e+00,-3.974397659301757812e+00,-1.997679114341735840e+00,-4.516176223754882812e+00,-1.661405920982360840e+00,4.511435031890869141e+00,-1.500576615333557129e+00,1.448838114738464355e+00,3.328248262405395508e+00,3.788658380508422852e+00,6.120420932769775391e+00,6.788231372833251953e+00,4.762243747711181641e+00,-5.532497406005859375e+00,-3.376683473587036133e+00,-6.679637432098388672e-01,1.397037982940673828e+01,2.235948085784912109e+00,1.394633293151855469e+00,7.455363273620605469e+00,4.182831764221191406e+00,-4.735173225402832031e+00,-1.858048057556152344e+01,-6.414271354675292969e+00,-7.136198043823242188e+00,-7.217497348785400391e+00,-6.536894321441650391e+00,-1.666564941406250000e+01,-5.531415939331054688e+00,nan,nan,nan,nan,nan,nan,nan,nan,nan,nan,nan,nan,nan,nan,nan,nan,nan,nan,nan,nan,nan,nan,nan,nan,nan,nan,nan,nan,nan,nan,nan,nan,nan,nan,nan,nan,nan,nan,nan,nan,nan,nan,nan,nan
nan,nan,nan,nan,nan,nan,nan,nan,nan,nan,nan,nan,nan,nan,nan,nan,nan,nan,nan,nan,nan,nan,nan,nan,nan,nan,nan,nan,nan,nan,nan,nan,nan,nan,nan,nan,nan,nan,nan,nan,nan,nan,nan,nan,nan,nan,nan,-9.255599975585937500e+00,-1.571249485015869141e+01,-7.527663230895996094e+00,-6.453827381134033203e+00,-3.722058773040771484e+00,-6.749181270599365234e+00,-3.951977252960205078e+00,-4.443261146545410156e+00,-5.635928153991699219e+00,-4.275841236114501953e+00,-4.768189907073974609e+00,-2.066027879714965820e+00,1.767333745956420898e-01,5.953909873962402344e+00,4.102465629577636719e+00,1.343956142663955688e-01,3.290713787078857422e+00,3.384557485580444336e+00,3.172567605972290039e+00,2.489445447921752930e+00,1.521548748016357422e+00,-3.252530336380004883e+00,5.902829766273498535e-01,-2.623160481452941895e-01,2.254221439361572266e+00,9.257949590682983398e-01,-5.668487548828125000e+00,-9.817691802978515625e+00,-5.189463615417480469e+00,-8.818092346191406250e+00,-9.503768920898437500e+00,-5.744558334350585938e+00,-1.607353973388671875e+01,-6.603024482727050781e+00,nan,nan,nan,nan,nan,nan,nan,nan,nan,nan,nan,nan,nan,nan,nan,nan,nan,nan,nan,nan,nan,nan,nan,nan,nan,nan,nan,nan,nan,nan,nan,nan,nan,nan,nan,nan,nan,nan,nan,nan,nan,nan,nan,nan
nan,nan,nan,nan,nan,nan,nan,nan,nan,nan,nan,nan,nan,nan,nan,nan,nan,nan,nan,nan,nan,nan,nan,nan,nan,nan,nan,nan,nan,nan,nan,nan,nan,nan,nan,nan,nan,nan,nan,nan,nan,nan,nan,nan,nan,nan,-9.522078514099121094e+00,1.534582495689392090e+00,-1.667037010192871094e+01,-1.623776817321777344e+01,-1.315922546386718750e+01,-7.384039402008056641e+00,-1.337443733215332031e+01,-1.070942211151123047e+01,-7.667757987976074219e+00,-3.543456554412841797e+00,-6.920818805694580078e+00,-4.896842956542968750e+00,-3.835902690887451172e+00,-5.226636886596679688e+00,-9.384493827819824219e+00,5.968285799026489258e-01,nan,2.499513149261474609e+00,nan,nan,nan,4.941217303276062012e-01,-3.974620342254638672e+00,-6.849646568298339844e+00,-2.788010597229003906e+00,-4.960587024688720703e+00,-5.114450454711914062e+00,-6.210525035858154297e+00,-6.759392261505126953e+00,-1.417206764221191406e+00,6.952657699584960938e-01,-6.043335914611816406e+00,-8.271501541137695312e+00,-1.074749374389648438e+01,-1.284647846221923828e+01,-8.726331710815429688e+00,nan,nan,nan,nan,nan,nan,nan,nan,nan,nan,nan,nan,nan,nan,nan,nan,nan,nan,nan,nan,nan,nan,nan,nan,nan,nan,nan,nan,nan,nan,nan,nan,nan,nan,nan,nan,nan,nan,nan,nan,nan,nan,nan
nan,nan,nan,nan,nan,nan,nan,nan,nan,nan,nan,nan,nan,nan,nan,nan,nan,nan,nan,nan,nan,nan,nan,nan,nan,nan,nan,nan,nan,nan,nan,nan,nan,nan,nan,nan,nan,nan,nan,nan,nan,-1.055104637145996094e+01,-1.009716224670410156e+01,-9.415443420410156250e+00,-8.035195350646972656e+00,-9.261992454528808594e+00,-5.174608230590820312e+00,-1.262922954559326172e+01,-1.255931568145751953e+01,-1.081264209747314453e+01,-1.085449314117431641e+01,-7.413513183593750000e+00,-6.640713214874267578e+00,-5.539253234863281250e+00,-7.185841560363769531e+00,-3.313185691833496094e+00,-1.953629255294799805e+00,-6.098132133483886719e+00,-5.339709758758544922e+00,-1.183702588081359863e+00,-2.682744860649108887e-01,4.967389702796936035e-01,nan,1.761339068412780762e+00,nan,nan,nan,-4.493657946586608887e-01,-2.194075107574462891e+00,-3.681706428527832031e+00,-4.783468723297119141e+00,-6.562401294708251953e+00,-7.670733928680419922e+00,-6.384218215942382812e+00,-7.255863189697265625e+00,-3.743708372116088867e+00,3.551419496536254883e+00,6.840894222259521484e+00,6.554490566253662109e+00,-7.054725646972656250e+00,-1.583115959167480469e+01,-1.669229507446289062e+01,-1.056997489929199219e+01,nan,nan,nan,nan,nan,nan,nan,nan,nan,nan,nan,nan,nan,nan,nan,nan,nan,nan,nan,nan,nan,nan,nan,nan,nan,nan,nan,nan,nan,nan,nan,nan,nan,nan,nan,nan,nan,nan,nan,nan,nan,nan
nan,nan,nan,nan,nan,nan,nan,nan,nan,nan,nan,nan,nan,nan,nan,nan,nan,nan,nan,nan,nan,nan,nan,nan,nan,nan,nan,nan,nan,nan,nan,nan,nan,nan,nan,nan,nan,nan,nan,nan,-1.195723152160644531e+01,-5.261179447174072266e+00,-8.824994087219238281e+00,-1.031754589080810547e+01,-7.661284446716308594e+00,-5.674495220184326172e+00,-1.488561916351318359e+01,-9.803330421447753906e+00,-1.024491024017333984e+01,-1.214539813995361328e+01,-1.059655761718750000e+01,-2.988934755325317383e+00,-5.153641700744628906e+00,-5.899985790252685547e+00,-5.563451290130615234e+00,-3.067016601562500000e+00,-5.368730068206787109e+00,-6.500748157501220703e+00,-4.096852779388427734e+00,-1.160495042800903320e+00,nan,nan,nan,1.259857296943664551e+00,1.122196912765502930e+00,-3.590299844741821289e+00,-1.564851999282836914e-01,-7.812237739562988281e-01,1.623997807502746582e+00,-3.091148376464843750e+00,-5.858439445495605469e+00,-8.633525848388671875e+00,-6.868085384368896484e+00,-7.572072029113769531e+00,-7.970254898071289062e+00,-9.099740982055664062e+00,-2.387887716293334961e+00,3.128462314605712891e+00,7.397234916687011719e+00,3.423683404922485352e+00,-1.877276039123535156e+01,-2.235442733764648438e+01,-1.044326877593994141e+01,nan,nan,nan,nan,nan,nan,nan,nan,nan,nan,nan,nan,nan,nan,nan,nan,nan,nan,nan,nan,nan,nan,nan,nan,nan,nan,nan,nan,nan,nan,nan,nan,nan,nan,nan,nan,nan,nan,nan,nan,nan,nan
nan,nan,nan,nan,nan,nan,nan,nan,nan,nan,nan,nan,nan,nan,nan,nan,nan,nan,nan,nan,nan,nan,nan,nan,nan,nan,nan,nan,nan,nan,nan,nan,nan,nan,nan,nan,nan,nan,-1.418309020996093750e+01,-9.176785469055175781e+00,-1.064628410339355469e+01,-7.677030563354492188e+00,-1.038674831390380859e+01,-1.526192760467529297e+01,-8.991496086120605469e+00,-6.873495578765869141e+00,-8.639488220214843750e+00,-9.360841751098632812e+00,-9.843871116638183594e+00,-1.250611209869384766e+01,-4.149341106414794922e+00,-5.003046035766601562e+00,-5.187046527862548828e+00,-5.294357776641845703e+00,-6.709393024444580078e+00,-5.300091743469238281e+00,-4.946826457977294922e+00,-5.767116546630859375e+00,-5.241872310638427734e+00,-1.742796599864959717e-01,nan,nan,1.091790914535522461e+00,2.267605781555175781e+00,-1.447842597961425781e+00,1.135782361030578613e+00,1.831974387168884277e+00,1.070439219474792480e+00,-1.661972522735595703e+00,-1.612260937690734863e+00,-4.929887294769287109e+00,-6.320960521697998047e+00,-7.207849979400634766e+00,-6.623472690582275391e+00,-9.357052803039550781e+00,-7.370678901672363281e+00,3.480337560176849365e-01,-4.553188800811767578e+00,6.378616333007812500e+00,-6.276046276092529297e+00,-1.645842552185058594e+01,-2.143281555175781250e+01,-1.039803600311279297e+01,nan,nan,nan,nan,nan,nan,nan,nan,nan,nan,nan,nan,nan,nan,nan,nan,nan,nan,nan,nan,nan,nan,nan,nan,nan,nan,nan,nan,nan,nan,nan,nan,nan,nan,nan,nan,nan,nan,nan,nan,nan,nan
nan,nan,nan,nan,nan,nan,nan,nan,nan,nan,nan,nan,nan,nan,nan,nan,nan,nan,nan,nan,nan,nan,nan,nan,nan,nan,nan,nan,nan,nan,nan,nan,nan,-1.996371269226074219e+01,nan,nan,nan,-1.649223518371582031e+01,-1.674823188781738281e+01,-1.510370922088623047e+01,-1.310360908508300781e+01,-1.309779262542724609e+01,-1.319083213806152344e+01,-1.683930397033691406e+01,-8.687449455261230469e+00,-1.374566912651062012e+00,-9.700624465942382812e+00,-1.066925907135009766e+01,-8.755224227905273438e+00,-9.594618797302246094e+00,-5.383343696594238281e+00,-5.755028724670410156e+00,-7.545493125915527344e+00,-3.611687421798706055e+00,-4.486675739288330078e+00,-4.069466590881347656e+00,7.245382666587829590e-01,2.986476421356201172e+00,-4.022376537322998047e+00,1.297574043273925781e+00,nan,nan,nan,1.196665838360786438e-01,1.653711438179016113e+00,1.854217886924743652e+00,1.928290486335754395e+00,-2.922789752483367920e-01,nan,-1.449780106544494629e+00,2.290401935577392578e+00,3.930977344512939453e+00,-3.819348573684692383e+00,-5.537821769714355469e+00,-4.451306343078613281e+00,1.144168734550476074e+00,3.940321445465087891e+00,-3.975662708282470703e+00,-4.864146232604980469e+00,-6.185984134674072266e+00,-4.117454051971435547e+00,-7.377048969268798828e+00,-1.071282672882080078e+01,nan,nan,nan,nan,nan,nan,nan,nan,nan,nan,nan,nan,nan,nan,nan,nan,nan,nan,nan,nan,nan,nan,nan,nan,nan,nan,nan,nan,nan,nan,nan,nan,nan,nan,nan,nan,nan,nan,nan,nan,nan,nan
nan,nan,nan,nan,nan,nan,nan,nan,nan,nan,nan,nan,nan,nan,nan,nan,nan,nan,nan,nan,nan,nan,nan,nan,nan,nan,nan,nan,nan,nan,nan,nan,nan,nan,-2.107257080078125000e+01,-2.009803390502929688e+01,-1.902943420410156250e+01,-1.017665863037109375e+01,-1.723853302001953125e+01,-1.561829662322998047e+01,-1.311598205566406250e+01,-1.134513187408447266e+01,-1.075916957855224609e+01,-1.094306564331054688e+01,-7.584529876708984375e+00,-3.809470653533935547e+00,-5.589797496795654297e+00,-6.926897048950195312e+00,-3.563565015792846680e+00,-5.946527481079101562e+00,-8.200127601623535156e+00,-6.615453243255615234e+00,-6.665498256683349609e+00,-3.073949337005615234e+00,-1.229146599769592285e+00,3.518544912338256836e+00,3.297946691513061523e+00,3.146844625473022461e+00,4.501939773559570312e+00,2.964350700378417969e+00,nan,nan,nan,2.969224929809570312e+00,3.759060859680175781e+00,9.552918076515197754e-01,nan,nan,nan,1.348002105951309204e-01,1.582384109497070312e+00,9.012739062309265137e-01,-3.385622501373291016e+00,-3.198860883712768555e+00,5.731084823608398438e+00,3.434453248977661133e+00,-2.860030174255371094e+00,-9.868173599243164062e+00,-4.321886539459228516e+00,-5.897801876068115234e+00,-9.215526580810546875e+00,-6.622770309448242188e+00,-1.094304466247558594e+01,nan,nan,nan,nan,nan,nan,nan,nan,nan,nan,nan,nan,nan,nan,nan,nan,nan,nan,nan,nan,nan,nan,nan,nan,nan,nan,nan,nan,nan,nan,nan,nan,nan,nan,nan,nan,nan,nan,nan,nan,nan,nan
nan,nan,nan,nan,nan,nan,nan,nan,nan,nan,nan,nan,nan,nan,nan,nan,nan,nan,nan,nan,nan,nan,nan,nan,nan,nan,nan,nan,nan,nan,nan,nan,nan,nan,-2.219973945617675781e+01,nan,-2.014474487304687500e+01,-2.051038742065429688e+01,-1.981584358215332031e+01,-2.024228668212890625e+01,-1.350355625152587891e+01,-9.984668731689453125e+00,-1.126753520965576172e+01,-9.477595329284667969e+00,-6.821856021881103516e+00,-6.881922721862792969e+00,-6.135675907135009766e+00,-2.541073322296142578e+00,1.211385726928710938e+00,7.386025190353393555e-01,-1.322050333023071289e+00,-3.392169952392578125e+00,-3.814406633377075195e+00,-1.691167235374450684e+00,4.021424293518066406e+00,6.635379791259765625e+00,5.584481239318847656e+00,9.129047393798828125e+00,8.214710235595703125e+00,7.486823081970214844e+00,9.353728294372558594e+00,4.024596214294433594e+00,3.481545686721801758e+00,3.079673051834106445e+00,2.344020366668701172e+00,1.285125970840454102e+00,nan,nan,1.954688429832458496e+00,1.856936097145080566e+00,2.211201190948486328e+00,1.097944855690002441e+00,-2.526502847671508789e+00,4.776019096374511719e+00,5.869041919708251953e+00,-3.820845842361450195e+00,-7.210873126983642578e+00,-7.069755077362060547e+00,-5.053659915924072266e+00,-1.400291442871093750e+01,-1.251801204681396484e+01,-6.771915912628173828e+00,-1.102251243591308594e+01,-1.300521183013916016e+01,-1.442556667327880859e+01,-1.631588363647460938e+01,-1.893356132507324219e+01,nan,nan,nan,nan,nan,nan,nan,nan,nan,nan,nan,nan,nan,nan,nan,nan,nan,nan,nan,nan,nan,nan,nan,nan,nan,nan,nan,nan,nan,nan,nan,nan,nan,nan,nan,nan,nan,nan
nan,nan,nan,nan,nan,nan,nan,nan,nan,nan,nan,nan,nan,nan,nan,nan,nan,nan,nan,nan,nan,nan,nan,nan,nan,nan,nan,nan,nan,nan,nan,nan,-2.446662521362304688e+01,-2.373057174682617188e+01,-2.309643173217773438e+01,nan,-2.124224281311035156e+01,-2.136083221435546875e+01,-2.191875076293945312e+01,-2.381052398681640625e+01,-2.229549026489257812e+01,-1.951105308532714844e+01,-1.045788860321044922e+01,-6.256057739257812500e+00,-6.610307216644287109e+00,-7.627362251281738281e+00,-5.121606349945068359e+00,-7.692188955843448639e-04,-1.731828972697257996e-02,-4.258573949337005615e-01,9.993130564689636230e-01,-5.011223793029785156e+00,-3.952755451202392578e+00,-1.104298710823059082e+00,5.477776527404785156e+00,6.646264553070068359e+00,7.822885990142822266e+00,1.061886596679687500e+01,1.166976261138916016e+01,7.168754100799560547e+00,7.615532398223876953e+00,4.786344051361083984e+00,nan,nan,nan,nan,nan,3.269175767898559570e+00,3.366616249084472656e+00,-3.345794379711151123e-01,1.734741806983947754e+00,3.467316150665283203e+00,3.774998664855957031e+00,4.262074470520019531e+00,4.779250144958496094e+00,-5.096591949462890625e+00,-6.103254318237304688e+00,-5.734623432159423828e+00,2.113404750823974609e+00,-1.084556484222412109e+01,-9.508474349975585938e+00,-6.012722015380859375e+00,-7.129653930664062500e+00,-2.190515518188476562e+01,-2.068618774414062500e+01,-1.633917808532714844e+01,nan,nan,nan,nan,nan,nan,nan,nan,nan,nan,nan,nan,nan,nan,nan,nan,nan,nan,nan,nan,nan,nan,nan,nan,nan,nan,nan,nan,nan,nan,nan,nan,nan,nan,nan,nan,nan,nan,nan
nan,nan,nan,nan,nan,nan,nan,nan,nan,nan,nan,nan,nan,nan,nan,nan,nan,nan,nan,nan,nan,nan,nan,nan,nan,nan,nan,nan,nan,nan,nan,-2.279525756835937500e+01,-2.388891410827636719e+01,nan,nan,-2.499486351013183594e+01,-2.369385337829589844e+01,-2.279099845886230469e+01,-2.105998802185058594e+01,-2.180398559570312500e+01,-1.823226737976074219e+01,-1.863063049316406250e+01,-7.138356208801269531e+00,-6.492269992828369141e+00,-5.740749835968017578e+00,-5.091736793518066406e+00,-2.405001878738403320e+00,7.462247014045715332e-01,-3.124934136867523193e-01,-1.496735692024230957e+00,-2.246144533157348633e+00,-3.855929136276245117e+00,-2.995083808898925781e+00,-3.554733991622924805e+00,2.917385399341583252e-01,6.515579700469970703e+00,4.813603878021240234e+00,1.081509304046630859e+01,2.216893672943115234e+00,2.110353231430053711e+00,8.504142761230468750e+00,5.535397529602050781e+00,nan,nan,nan,nan,nan,nan,nan,2.074411392211914062e+00,7.470424175262451172e+00,8.307102203369140625e+00,7.742592334747314453e+00,4.739249706268310547e+00,7.927661418914794922e+00,5.870512008666992188e+00,-3.039325237274169922e+00,-3.806145191192626953e+00,-1.777551412582397461e+00,-5.864293575286865234e+00,-4.195547103881835938e+00,-8.042570114135742188e+00,-1.478533363342285156e+01,-2.112091064453125000e+01,-2.176104545593261719e+01,-2.117051506042480469e+01,nan,nan,nan,nan,nan,nan,nan,nan,nan,nan,nan,nan,nan,nan,nan,nan,nan,nan,nan,nan,nan,nan,nan,nan,nan,nan,nan,nan,nan,nan,nan,nan,nan,nan,nan,nan,nan,nan,nan
nan,nan,nan,nan,nan,nan,nan,nan,nan,nan,nan,nan,nan,nan,nan,nan,nan,nan,nan,nan,nan,nan,nan,nan,nan,nan,nan,nan,nan,nan,-1.940264892578125000e+01,-2.168089485168457031e+01,nan,nan,-2.417078018188476562e+01,-2.744475173950195312e+01,-2.614432716369628906e+01,-2.474222755432128906e+01,-2.433712387084960938e+01,-2.077347755432128906e+01,-1.499901771545410156e+01,-1.285883712768554688e+01,-1.085460186004638672e+01,-3.873034238815307617e+00,-4.470849514007568359e+00,-4.126827239990234375e+00,-1.900753021240234375e+00,3.733442723751068115e-01,1.357643961906433105e+00,-7.299910783767700195e-01,-3.744144201278686523e+00,-4.997888088226318359e+00,-2.553173542022705078e+00,-4.920018017292022705e-01,nan,nan,6.423681259155273438e+00,5.497774124145507812e+00,2.008449077606201172e+00,8.777194023132324219e-01,6.099959850311279297e+00,nan,nan,nan,nan,nan,nan,nan,nan,6.080664157867431641e+00,1.189305496215820312e+01,1.436640453338623047e+01,9.188342094421386719e+00,6.722327232360839844e+00,7.993260383605957031e+00,6.809806823730468750e+00,4.018472671508789062e+00,3.903692245483398438e+00,1.037667870521545410e+00,2.778311967849731445e-01,-1.062799096107482910e+00,-6.826578140258789062e+00,-1.687368774414062500e+01,-1.669543075561523438e+01,-1.776558494567871094e+01,-2.344849777221679688e+01,-2.142543029785156250e+01,-2.025510597229003906e+01,nan,nan,nan,nan,nan,nan,nan,nan,nan,nan,nan,nan,nan,nan,nan,nan,nan,nan,nan,nan,nan,nan,nan,nan,nan,nan,nan,nan,nan,nan,nan,nan,nan,nan,nan,nan,nan
nan,nan,nan,nan,nan,nan,nan,nan,nan,nan,nan,nan,nan,nan,nan,nan,nan,nan,nan,nan,nan,nan,nan,nan,nan,nan,nan,nan,nan,nan,-1.856604766845703125e+01,-2.181662368774414062e+01,nan,nan,-2.381562423706054688e+01,-2.750803375244140625e+01,-2.792374992370605469e+01,-2.231896400451660156e+01,-2.221948242187500000e+01,-2.211788177490234375e+01,-1.514730453491210938e+01,-1.201867675781250000e+01,-8.598920822143554688e+00,-3.470894336700439453e+00,-3.284440755844116211e+00,-5.005835533142089844e+00,-7.471026182174682617e-01,1.657614111900329590e-02,-2.127377510070800781e+00,-4.734128952026367188e+00,-9.238985061645507812e+00,-3.477157115936279297e+00,-2.464554786682128906e+00,nan,nan,3.515025615692138672e+00,4.928751945495605469e+00,5.816293716430664062e+00,6.082063198089599609e+00,6.241127967834472656e+00,6.180935382843017578e+00,nan,nan,5.984096527099609375e+00,8.410316467285156250e+00,nan,nan,nan,6.875465869903564453e+00,6.766337871551513672e+00,8.976450920104980469e+00,1.716008377075195312e+01,7.209038257598876953e+00,6.097302913665771484e+00,7.455376148223876953e+00,4.729426383972167969e+00,3.824140071868896484e+00,4.622879028320312500e+00,2.701348543167114258e+00,-4.233008384704589844e+00,-3.473617553710937500e+00,-5.876425743103027344e+00,-1.569282054901123047e+01,-1.443945121765136719e+01,-1.417362785339355469e+01,-2.017345619201660156e+01,-1.821041297912597656e+01,nan,nan,nan,nan,nan,nan,nan,nan,nan,nan,nan,nan,nan,nan,nan,nan,nan,nan,nan,nan,nan,nan,nan,nan,nan,nan,nan,nan,nan,nan,nan,nan,nan,nan,nan,nan,nan,nan
nan,nan,nan,nan,nan,nan,nan,nan,nan,nan,nan,nan,nan,nan,nan,nan,nan,nan,nan,nan,nan,nan,nan,nan,nan,nan,nan,nan,-1.454779148101806641e+01,-1.602093887329101562e+01,-1.829036331176757812e+01,-2.087919425964355469e+01,-2.318761444091796875e+01,-2.541965293884277344e+01,-2.499584197998046875e+01,-2.647332000732421875e+01,-2.636479949951171875e+01,-2.638825416564941406e+01,-2.296480560302734375e+01,-2.274116516113281250e+01,-1.299580097198486328e+01,-1.076393222808837891e+01,-1.025769329071044922e+01,-5.713047504425048828e+00,-3.616613626480102539e+00,-6.203003406524658203e+00,-5.262452602386474609e+00,-8.958374977111816406e+00,-1.091647815704345703e+01,-1.163148403167724609e+01,-6.838207721710205078e+00,-4.392216682434082031e+00,nan,-1.551208019256591797e+00,1.094979643821716309e+00,3.167404174804687500e+00,nan,nan,nan,nan,nan,nan,nan,nan,nan,nan,nan,nan,nan,7.621398925781250000e+00,nan,nan,nan,5.312198638916015625e+00,4.443541049957275391e+00,3.057746887207031250e+00,2.551356792449951172e+00,-6.806075572967529297e+00,-1.112861633300781250e+01,-8.055633544921875000e+00,-5.857570171356201172e+00,-7.217854499816894531e+00,-9.607975959777832031e+00,-9.686747550964355469e+00,-1.819188690185546875e+01,-2.631726837158203125e+01,-1.773238182067871094e+01,nan,nan,nan,nan,nan,nan,nan,nan,nan,nan,nan,nan,nan,nan,nan,nan,nan,nan,nan,nan,nan,nan,nan,nan,nan,nan,nan,nan,nan,nan,nan,nan,nan,nan,nan,nan,nan,nan
nan,nan,nan,nan,nan,nan,nan,nan,nan,nan,nan,nan,nan,nan,nan,nan,nan,nan,nan,nan,nan,nan,nan,nan,nan,nan,nan,-1.149345970153808594e+01,-9.957219123840332031e+00,-1.218932819366455078e+01,-2.196096229553222656e+01,-2.171649360656738281e+01,-2.499110794067382812e+01,-2.578019142150878906e+01,-2.871189117431640625e+01,-2.835475921630859375e+01,-2.442952156066894531e+01,-2.423843765258789062e+01,-2.493019294738769531e+01,-2.566730499267578125e+01,-2.202390480041503906e+01,-1.210471916198730469e+01,-1.075535678863525391e+01,-1.003484821319580078e+01,-8.027958869934082031e+00,-7.997423648834228516e+00,-8.852300643920898438e+00,-1.003569412231445312e+01,-1.071079444885253906e+01,-1.001168632507324219e+01,-5.381830215454101562e+00,-5.286823272705078125e+00,-4.691388130187988281e+00,nan,-8.859089761972427368e-02,nan,nan,nan,nan,nan,nan,nan,nan,nan,nan,nan,nan,nan,nan,nan,nan,nan,nan,nan,3.596714973449707031e+00,1.501570224761962891e+00,-4.296306669712066650e-01,-7.029780864715576172e+00,-1.076790428161621094e+01,-7.860390186309814453e+00,-6.702884674072265625e+00,-6.178645610809326172e+00,-9.048657417297363281e+00,-9.988403320312500000e+00,-2.012594795227050781e+01,-2.587118339538574219e+01,-2.995683860778808594e+01,nan,nan,nan,nan,nan,nan,nan,nan,nan,nan,nan,nan,nan,nan,nan,nan,nan,nan,nan,nan,nan,nan,nan,nan,nan,nan,nan,nan,nan,nan,nan,nan,nan,nan,nan,nan,nan,nan
nan,nan,nan,nan,nan,nan,nan,nan,nan,nan,nan,nan,nan,nan,nan,nan,nan,nan,nan,nan,nan,nan,nan,nan,nan,nan,-4.009822368621826172e+00,-5.479966163635253906e+00,-4.457504749298095703e+00,-1.037607479095458984e+01,-2.377409744262695312e+01,-2.136188697814941406e+01,-2.022169303894042969e+01,-2.058480644226074219e+01,-2.842663002014160156e+01,-2.587712287902832031e+01,-2.040773391723632812e+01,-2.314265823364257812e+01,-2.630865478515625000e+01,-2.566174125671386719e+01,-2.345628166198730469e+01,-1.849235153198242188e+01,-1.254329967498779297e+01,-1.052195262908935547e+01,-9.488469123840332031e+00,-9.747767448425292969e+00,-8.574615478515625000e+00,-7.900712966918945312e+00,-7.483806133270263672e+00,-1.062290573120117188e+01,nan,-5.470299720764160156e+00,nan,nan,nan,nan,nan,nan,nan,nan,nan,nan,nan,nan,nan,nan,nan,nan,nan,nan,nan,nan,nan,nan,nan,7.804965376853942871e-01,-1.146973967552185059e+00,-5.411853313446044922e+00,-7.682127475738525391e+00,-6.348294258117675781e+00,-6.932220458984375000e+00,-5.962960720062255859e+00,-7.086431503295898438e+00,-8.424847602844238281e+00,-1.744124221801757812e+01,-2.015473556518554688e+01,-2.421129608154296875e+01,-1.817204093933105469e+01,nan,nan,-2.074311256408691406e+01,nan,nan,nan,nan,nan,nan,nan,nan,nan,nan,nan,nan,nan,nan,nan,nan,nan,nan,nan,nan,nan,nan,nan,nan,nan,nan,nan,nan,nan,nan,nan,nan,nan,nan
nan,nan,nan,nan,nan,nan,nan,nan,nan,nan,nan,nan,nan,nan,nan,nan,nan,nan,nan,nan,nan,nan,9.522494673728942871e-01,nan,nan,-5.143826007843017578e+00,-6.219069480895996094e+00,-7.978572845458984375e+00,-1.109488296508789062e+01,-2.652691650390625000e+01,-1.721914291381835938e+01,-1.649387359619140625e+01,-1.154543018341064453e+01,-1.000988101959228516e+01,-1.940953254699707031e+01,-2.109828376770019531e+01,-1.891803550720214844e+01,-1.853312873840332031e+01,-2.284150886535644531e+01,-2.022052764892578125e+01,-2.016865730285644531e+01,-1.815908813476562500e+01,-1.380447959899902344e+01,-1.315715694427490234e+01,-1.199725723266601562e+01,-6.903329849243164062e+00,-6.851149082183837891e+00,-4.652750015258789062e+00,-3.990097761154174805e+00,-4.433975219726562500e+00,nan,-4.596163749694824219e+00,nan,nan,nan,nan,nan,nan,nan,nan,nan,nan,nan,nan,nan,nan,nan,nan,nan,nan,nan,nan,nan,nan,nan,nan,nan,-3.925837993621826172e+00,-5.166352748870849609e+00,-6.135882854461669922e+00,-7.375001430511474609e+00,-8.896724700927734375e+00,-3.407122611999511719e+00,-3.914862632751464844e+00,-5.600852489471435547e+00,-1.388157176971435547e+01,-2.063563728332519531e+01,-2.596933555603027344e+01,-1.896383476257324219e+01,nan,nan,nan,nan,nan,nan,nan,nan,nan,nan,nan,nan,nan,nan,nan,nan,nan,nan,nan,nan,nan,nan,nan,nan,nan,nan,nan,nan,nan,nan,nan,nan,nan,nan,nan,nan
nan,nan,nan,nan,nan,nan,nan,nan,nan,nan,nan,nan,nan,nan,nan,nan,nan,nan,nan,nan,nan,nan,nan,nan,-2.668726444244384766e+00,-2.430079579353332520e-01,-4.490838050842285156e+00,-4.583299160003662109e+00,-1.991168212890625000e+01,-1.126725292205810547e+01,-1.275887012481689453e+01,-1.428060150146484375e+01,-1.650095367431640625e+01,-1.401305580139160156e+01,-1.911086654663085938e+01,-2.323715782165527344e+01,-2.381787681579589844e+01,-1.722761535644531250e+01,-1.798730278015136719e+01,-1.851459884643554688e+01,-1.773081970214843750e+01,-1.717370986938476562e+01,-1.353830623626708984e+01,-1.246313285827636719e+01,-5.416385650634765625e+00,-4.344785213470458984e+00,-1.628364920616149902e+00,-3.680419445037841797e+00,-3.155548334121704102e+00,-3.111925363540649414e+00,-2.917387008666992188e+00,-2.977408409118652344e+00,nan,nan,nan,nan,nan,nan,nan,nan,nan,nan,nan,nan,nan,nan,nan,nan,nan,nan,nan,nan,nan,nan,nan,nan,nan,nan,nan,nan,nan,nan,nan,nan,-1.366744709014892578e+01,-1.183320283889770508e+00,-1.807771873474121094e+01,-2.114999198913574219e+01,-1.859171676635742188e+01,-1.911716651916503906e+01,nan,nan,nan,nan,nan,nan,nan,nan,nan,nan,nan,nan,nan,nan,nan,nan,nan,nan,nan,nan,nan,nan,nan,nan,nan,nan,nan,nan,nan,nan,nan,nan,nan,nan,nan
nan,nan,nan,nan,nan,nan,nan,nan,nan,nan,nan,nan,nan,nan,nan,nan,nan,nan,nan,nan,nan,nan,nan,-6.797695159912109375e-01,1.149096202850341797e+01,-3.737076282501220703e+00,-3.632011890411376953e+00,-1.794768571853637695e+00,-7.681676864624023438e+00,-2.180740737915039062e+01,-8.185590744018554688e+00,-1.145178985595703125e+01,-1.258433341979980469e+01,-1.607859420776367188e+01,-1.930977630615234375e+01,-2.530541610717773438e+01,-2.099373817443847656e+01,-1.135885334014892578e+01,-1.051987648010253906e+01,-1.237870883941650391e+01,-1.352407836914062500e+01,-1.520439529418945312e+01,-9.060308456420898438e+00,-1.317693471908569336e+00,-2.578186988830566406e+00,-1.671535968780517578e+00,4.285263130441308022e-04,-1.005032181739807129e+00,-6.985490322113037109e-01,-4.440789222717285156e+00,nan,-9.851170778274536133e-01,nan,nan,nan,nan,nan,nan,nan,nan,nan,nan,nan,nan,nan,nan,nan,nan,nan,nan,nan,nan,nan,nan,nan,nan,nan,nan,nan,nan,nan,nan,nan,nan,nan,-1.492249584197998047e+01,-1.600508308410644531e+01,-1.269851875305175781e+01,-1.961629867553710938e+01,-1.807945632934570312e+01,-1.937252235412597656e+01,nan,nan,nan,nan,nan,nan,nan,nan,nan,nan,nan,nan,nan,nan,nan,nan,nan,nan,nan,nan,nan,nan,nan,nan,nan,nan,nan,nan,nan,nan,nan,nan,nan,nan
nan,nan,nan,nan,nan,nan,nan,nan,nan,nan,nan,nan,nan,nan,nan,nan,nan,nan,nan,nan,nan,nan,nan,6.640079021453857422e+00,1.246918201446533203e+01,-2.571625232696533203e+00,-1.204745101928710938e+01,-5.247661113739013672e+00,-8.209328651428222656e+00,-7.358448028564453125e+00,-1.189857578277587891e+01,-1.515689277648925781e+01,-1.295418834686279297e+01,-1.219450855255126953e+01,-1.254447460174560547e+01,-9.010947227478027344e+00,-7.574147224426269531e+00,-4.726306915283203125e+00,-7.312090873718261719e+00,-8.894315719604492188e+00,-8.958950996398925781e+00,5.665752887725830078e-01,-2.580157995223999023e+00,-4.248174190521240234e+00,-3.834632873535156250e+00,-4.417306780815124512e-01,1.151859879493713379e+00,3.041535615921020508e+00,6.512617111206054688e+00,5.388384819030761719e+00,1.273363977670669556e-01,2.315860986709594727e-01,nan,nan,nan,nan,nan,nan,nan,nan,nan,nan,nan,nan,nan,nan,nan,nan,nan,nan,nan,nan,nan,nan,nan,nan,nan,nan,nan,nan,nan,nan,nan,nan,nan,nan,-1.536199378967285156e+01,-1.642510414123535156e+01,-1.706335830688476562e+01,-1.806763267517089844e+01,-1.877442550659179688e+01,nan,nan,nan,nan,nan,nan,nan,nan,nan,nan,nan,nan,nan,nan,nan,nan,nan,nan,nan,nan,nan,nan,nan,nan,nan,nan,nan,nan,nan,nan,nan,nan,nan,nan
nan,nan,nan,nan,nan,nan,nan,nan,nan,nan,nan,nan,nan,nan,nan,nan,nan,nan,nan,nan,nan,nan,nan,6.327541470527648926e-01,2.746017456054687500e+00,1.083511471748352051e+00,-1.247453784942626953e+01,-6.194384574890136719e+00,-5.651995658874511719e+00,-5.919003009796142578e+00,-8.259670257568359375e+00,-1.113794231414794922e+01,-6.188699722290039062e+00,-8.485745429992675781e+00,-4.587021350860595703e+00,-3.076273441314697266e+00,-6.835590362548828125e+00,-1.557995676994323730e+00,-6.845027446746826172e+00,-7.817533016204833984e+00,-2.102029919624328613e-01,2.625124931335449219e+00,3.024351358413696289e+00,-3.252941846847534180e+00,-8.912273406982421875e+00,-4.657059192657470703e+00,3.476269960403442383e+00,3.703613281250000000e+00,7.644081592559814453e+00,5.238393783569335938e+00,1.026338338851928711e+00,nan,nan,nan,nan,nan,nan,nan,nan,nan,nan,nan,nan,nan,nan,nan,nan,nan,nan,nan,nan,nan,nan,nan,nan,nan,nan,nan,nan,nan,nan,nan,nan,nan,nan,nan,nan,nan,nan,-1.745509338378906250e+01,-1.840358543395996094e+01,-1.829796028137207031e+01,-1.814690780639648438e+01,-1.807312965393066406e+01,nan,nan,nan,nan,nan,nan,nan,nan,nan,nan,nan,nan,nan,nan,nan,nan,nan,nan,nan,nan,nan,nan,nan,nan,nan,nan,nan,nan,nan,nan,nan
nan,nan,nan,nan,nan,nan,nan,nan,nan,nan,nan,nan,nan,nan,nan,nan,nan,nan,nan,nan,nan,nan,nan,nan,nan,-3.856520652770996094e+00,-3.839449644088745117e+00,-2.752509355545043945e+00,-2.261932611465454102e+00,4.483816623687744141e+00,-4.971365451812744141e+00,-1.796677470207214355e+00,-3.232114791870117188e+00,-2.401591300964355469e+00,-7.990517020225524902e-01,-3.903545439243316650e-01,-3.175570964813232422e+00,-1.617226600646972656e+00,-2.725830793380737305e+00,-5.161808967590332031e+00,2.177922964096069336e+00,-7.251565693877637386e-05,-7.033593654632568359e-01,-1.301625013351440430e+00,1.437725901603698730e+00,-1.003589568426832557e-04,1.629718899726867676e+00,4.281427383422851562e+00,3.454779624938964844e+00,-1.065239787101745605e+00,1.790389060974121094e+00,nan,nan,nan,nan,nan,nan,nan,nan,nan,nan,nan,nan,nan,nan,nan,nan,nan,nan,nan,nan,nan,nan,nan,nan,nan,nan,nan,nan,nan,nan,nan,nan,nan,nan,nan,nan,nan,nan,nan,nan,nan,nan,nan,nan,nan,nan,nan,nan,nan,nan,nan,nan,nan,nan,nan,nan,nan,nan,nan,nan,nan,nan,nan,nan,nan,nan,nan,nan,nan,nan,nan,nan,nan,nan
nan,nan,nan,nan,nan,nan,nan,nan,nan,nan,nan,nan,nan,nan,nan,nan,nan,nan,nan,nan,nan,nan,nan,nan,nan,-7.163740810938179493e-04,1.847909092903137207e+00,8.694015502929687500e+00,3.332219600677490234e+00,8.429930806159973145e-01,1.811003983020782471e-01,2.080256462097167969e+00,7.940079271793365479e-02,-8.880171775817871094e-01,1.078798294067382812e+00,7.941812276840209961e-01,2.443012475967407227e+00,2.081866741180419922e+00,-3.321335792541503906e+00,-2.623997688293457031e+00,-1.141784667968750000e+00,-1.097522377967834473e+00,-1.739485887810587883e-04,-1.591008782386779785e+00,4.543970227241516113e-01,6.416122913360595703e-01,-1.866623401641845703e+00,6.043289661407470703e+00,2.105636358261108398e+00,-2.153023958206176758e+00,2.403392553329467773e+00,nan,nan,nan,nan,nan,nan,nan,nan,nan,nan,nan,nan,nan,nan,nan,nan,nan,nan,nan,nan,nan,nan,nan,nan,nan,nan,nan,nan,nan,nan,nan,nan,nan,nan,nan,nan,nan,nan,nan,nan,nan,nan,nan,nan,nan,nan,nan,nan,nan,nan,nan,nan,nan,nan,nan,nan,nan,nan,nan,nan,nan,nan,nan,nan,nan,nan,nan,nan,nan,nan,nan,nan,nan,nan
nan,nan,nan,nan,nan,nan,nan,nan,nan,nan,nan,nan,nan,nan,nan,nan,nan,nan,nan,nan,nan,nan,nan,nan,nan,3.600637197494506836e+00,8.661019325256347656e+00,1.073222637176513672e+01,4.670532226562500000e+00,2.781289815902709961e+00,3.367825269699096680e+00,4.141963005065917969e+00,5.557282129302620888e-04,1.308310478925704956e-01,1.918452262878417969e+00,5.112543582916259766e+00,8.300367355346679688e+00,7.165244102478027344e+00,-8.405255675315856934e-01,-2.471534967422485352e+00,1.162758708000183105e+00,2.264135330915451050e-01,-4.332562675699591637e-04,1.045094490051269531e+00,-9.972575306892395020e-01,1.352578759193420410e+00,5.501740932464599609e+00,-6.850198745727539062e+00,-5.039224147796630859e+00,nan,nan,nan,nan,nan,nan,nan,nan,nan,nan,nan,nan,nan,nan,nan,nan,nan,nan,nan,nan,nan,nan,nan,nan,nan,nan,nan,nan,nan,nan,nan,nan,nan,nan,nan,nan,nan,nan,nan,nan,nan,nan,nan,nan,nan,nan,nan,nan,3.387490869499742985e-05,nan,nan,nan,nan,nan,nan,nan,nan,nan,nan,nan,nan,nan,nan,nan,nan,nan,nan,nan,nan,nan,nan,nan,nan,nan,nan,nan
nan,nan,nan,nan,nan,nan,nan,nan,nan,nan,nan,nan,nan,nan,nan,nan,nan,nan,nan,nan,nan,nan,nan,nan,nan,5.170248985290527344e+00,9.705781936645507812e+00,1.187310886383056641e+01,1.246304988861083984e+01,5.526942729949951172e+00,8.009852409362792969e+00,7.745086193084716797e+00,7.242761135101318359e+00,4.564392566680908203e+00,5.840305328369140625e+00,1.352641391754150391e+01,1.203362464904785156e+01,7.659531116485595703e+00,4.594498634338378906e+00,3.522695064544677734e+00,3.473195075988769531e+00,3.724359035491943359e+00,4.134046077728271484e+00,5.714682579040527344e+00,4.529374599456787109e+00,7.376568794250488281e+00,7.052987098693847656e+00,9.562028050422668457e-01,-4.829902648925781250e+00,4.265688419342041016e+00,nan,nan,nan,nan,nan,nan,nan,nan,nan,nan,nan,nan,nan,nan,nan,nan,nan,nan,nan,nan,nan,nan,nan,nan,nan,nan,nan,nan,nan,nan,nan,nan,nan,nan,nan,nan,nan,nan,nan,nan,nan,nan,nan,nan,nan,nan,nan,nan,nan,nan,nan,nan,nan,nan,nan,nan,nan,nan,nan,nan,nan,nan,nan,nan,nan,nan,nan,nan,nan,nan,nan,nan,nan,nan,nan
nan,nan,nan,nan,nan,nan,nan,nan,nan,nan,nan,nan,nan,nan,nan,nan,nan,nan,nan,nan,nan,nan,nan,nan,nan,7.128420829772949219e+00,7.192273616790771484e+00,1.168056201934814453e+01,1.277053070068359375e+01,9.780574798583984375e+00,8.961771011352539062e+00,9.192534446716308594e+00,6.875729084014892578e+00,7.032721042633056641e+00,6.899777412414550781e+00,8.371484756469726562e+00,8.871794700622558594e+00,8.861955642700195312e+00,6.644567489624023438e+00,6.915469169616699219e+00,4.414334774017333984e+00,4.238556385040283203e+00,4.286522388458251953e+00,5.171841621398925781e+00,4.547142028808593750e+00,4.579738616943359375e+00,8.759240150451660156e+00,4.859676837921142578e+00,8.035801887512207031e+00,8.191398620605468750e+00,5.209885120391845703e+00,nan,nan,nan,nan,nan,nan,nan,nan,nan,nan,nan,nan,nan,nan,nan,nan,nan,nan,nan,nan,nan,nan,nan,nan,nan,nan,nan,nan,nan,nan,nan,nan,nan,nan,nan,nan,nan,nan,nan,nan,nan,nan,nan,nan,nan,nan,nan,-1.995049715042114258e+00,nan,nan,nan,nan,nan,nan,nan,nan,nan,nan,nan,nan,nan,nan,nan,nan,nan,nan,nan,nan,nan,nan,nan,nan,nan,nan
nan,nan,nan,nan,nan,nan,nan,nan,nan,nan,nan,nan,nan,nan,nan,nan,nan,nan,nan,nan,nan,nan,nan,nan,nan,nan,8.527715682983398438e+00,9.674951553344726562e+00,1.201884365081787109e+01,7.617269039154052734e+00,8.173033714294433594e+00,7.644412517547607422e+00,9.203506469726562500e+00,7.486909389495849609e+00,7.318352699279785156e+00,6.152118206024169922e+00,7.535771369934082031e+00,8.304830551147460938e+00,8.278738975524902344e+00,8.641046524047851562e+00,4.669873237609863281e+00,5.938340187072753906e+00,5.035297393798828125e+00,7.987447738647460938e+00,8.654291152954101562e+00,8.971228599548339844e+00,8.180914878845214844e+00,7.742771625518798828e+00,5.082769870758056641e+00,5.450942039489746094e+00,nan,nan,nan,nan,nan,nan,nan,nan,nan,nan,nan,nan,nan,nan,nan,nan,nan,nan,nan,nan,nan,nan,nan,nan,nan,nan,nan,nan,nan,nan,nan,nan,nan,nan,nan,nan,nan,nan,nan,nan,nan,nan,nan,nan,nan,nan,nan,nan,-2.225988864898681641e+00,-2.391659975051879883e+00,nan,nan,nan,nan,nan,nan,nan,nan,nan,nan,nan,nan,nan,nan,nan,nan,nan,nan,nan,nan,nan,nan,nan,nan,nan
nan,nan,nan,nan,nan,nan,nan,nan,nan,nan,nan,nan,nan,nan,nan,nan,nan,nan,nan,nan,nan,nan,nan,nan,nan,nan,9.297095298767089844e+00,9.164729118347167969e+00,6.167160034179687500e+00,1.236361980438232422e+01,9.649898529052734375e+00,1.033038139343261719e+01,1.198120594024658203e+01,1.309320259094238281e+01,1.392352676391601562e+01,1.422491741180419922e+01,1.152811145782470703e+01,9.979645729064941406e+00,7.742975711822509766e+00,8.944089889526367188e+00,7.996402740478515625e+00,1.265545082092285156e+01,8.900354385375976562e+00,9.461956977844238281e+00,1.006440925598144531e+01,9.831435203552246094e+00,1.116448116302490234e+01,1.053575229644775391e+01,5.503542423248291016e+00,6.592616081237792969e+00,nan,nan,nan,nan,nan,nan,nan,nan,nan,nan,nan,nan,nan,nan,nan,nan,nan,nan,nan,nan,nan,nan,nan,nan,nan,nan,nan,nan,nan,nan,nan,nan,nan,nan,nan,nan,nan,nan,nan,nan,nan,nan,nan,nan,nan,nan,nan,-2.208731889724731445e+00,3.387490869499742985e-05,-2.536110162734985352e+00,nan,nan,nan,nan,nan,nan,nan,nan,nan,nan,nan,nan,nan,nan,nan,nan,nan,nan,nan,nan,nan,nan,nan,nan,nan
nan,nan,nan,nan,nan,nan,nan,nan,nan,nan,nan,nan,nan,nan,nan,nan,nan,nan,nan,nan,nan,nan,nan,nan,nan,nan,nan,nan,9.855461120605468750e+00,9.992648124694824219e+00,1.015060997009277344e+01,1.066223049163818359e+01,1.393810272216796875e+01,1.422633361816406250e+01,1.529277133941650391e+01,1.588056850433349609e+01,1.126204681396484375e+01,9.148612976074218750e+00,7.733263492584228516e+00,9.605160713195800781e+00,1.519721317291259766e+01,1.534154510498046875e+01,1.252640628814697266e+01,1.207259368896484375e+01,1.227757644653320312e+01,1.113164329528808594e+01,1.229188060760498047e+01,1.441315555572509766e+01,1.681279182434082031e+01,8.162381172180175781e+00,nan,nan,nan,nan,nan,nan,nan,nan,nan,nan,nan,nan,nan,nan,nan,nan,nan,nan,nan,nan,nan,nan,nan,nan,nan,nan,nan,nan,nan,nan,nan,nan,nan,nan,nan,nan,nan,nan,nan,nan,nan,nan,nan,nan,nan,nan,nan,-2.354533672332763672e+00,1.672873735427856445e+00,-3.791162252426147461e+00,nan,nan,nan,nan,nan,nan,nan,nan,nan,nan,nan,nan,nan,nan,nan,nan,nan,nan,nan,nan,nan,nan,nan,nan,nan
nan,nan,nan,nan,nan,nan,nan,nan,nan,nan,nan,nan,nan,nan,nan,nan,nan,nan,nan,nan,nan,nan,nan,nan,nan,nan,nan,nan,nan,nan,nan,nan,1.517194366455078125e+01,1.330132102966308594e+01,1.184417152404785156e+01,1.741032981872558594e+01,1.529781913757324219e+01,6.478514194488525391e+00,6.380819320678710938e+00,1.099373722076416016e+01,1.451597690582275391e+01,1.613945198059082031e+01,1.439262771606445312e+01,1.230123805999755859e+01,1.355114459991455078e+01,1.107212829589843750e+01,1.302923870086669922e+01,1.037448120117187500e+01,1.234404182434082031e+01,8.532300949096679688e+00,nan,nan,nan,nan,nan,nan,nan,nan,nan,nan,nan,nan,nan,nan,nan,nan,nan,nan,nan,nan,nan,nan,nan,nan,nan,nan,nan,nan,nan,nan,nan,nan,nan,nan,nan,nan,nan,nan,nan,nan,nan,nan,nan,nan,nan,nan,nan,nan,-2.654705047607421875e+00,-5.223835468292236328e+00,-5.791276454925537109e+00,-3.116572618484497070e+00,nan,nan,nan,nan,nan,nan,nan,nan,nan,nan,nan,nan,nan,nan,nan,nan,nan,nan,nan,nan,nan,nan,nan
nan,nan,nan,nan,nan,nan,nan,nan,nan,nan,nan,nan,nan,nan,nan,nan,nan,nan,nan,nan,nan,nan,nan,nan,nan,nan,nan,nan,nan,nan,nan,nan,1.133488368988037109e+01,1.079713439941406250e+01,9.773101806640625000e+00,9.089174270629882812e+00,1.065581202507019043e+00,8.811271667480468750e+00,6.680464744567871094e+00,6.591894149780273438e+00,1.154737663269042969e+01,1.246726989746093750e+01,1.223272991180419922e+01,8.582931518554687500e+00,1.008704566955566406e+01,1.017289924621582031e+01,1.136263942718505859e+01,4.616301536560058594e+00,4.047215461730957031e+00,8.424864768981933594e+00,nan,nan,nan,nan,nan,nan,nan,nan,nan,nan,nan,nan,nan,nan,nan,nan,nan,nan,nan,nan,nan,nan,nan,nan,nan,nan,nan,nan,nan,nan,nan,nan,nan,nan,nan,nan,nan,nan,nan,nan,nan,nan,nan,nan,nan,nan,nan,nan,-2.787171602249145508e+00,-2.923536777496337891e+00,-3.085391044616699219e+00,nan,nan,nan,nan,nan,nan,nan,nan,nan,nan,nan,nan,nan,nan,nan,nan,nan,nan,nan,nan,nan,nan,nan,nan
nan,nan,nan,nan,nan,nan,nan,nan,nan,nan,nan,nan,nan,nan,nan,nan,nan,nan,nan,nan,nan,nan,nan,nan,nan,nan,nan,nan,nan,nan,nan,nan,nan,1.101888275146484375e+01,9.504849433898925781e+00,8.612661361694335938e+00,-4.064425468444824219e+00,6.519561290740966797e+00,4.179015159606933594e+00,9.179162025451660156e+00,1.213007640838623047e+01,9.792051315307617188e+00,9.508060455322265625e+00,1.153447914123535156e+01,6.711712360382080078e+00,5.795243263244628906e+00,2.816153049468994141e+00,4.928794860839843750e+00,8.400136947631835938e+00,nan,nan,nan,nan,nan,nan,nan,nan,nan,nan,nan,nan,nan,nan,nan,nan,nan,nan,nan,nan,nan,nan,nan,nan,nan,nan,nan,nan,nan,nan,nan,nan,nan,nan,nan,nan,nan,nan,nan,nan,nan,nan,nan,nan,nan,nan,nan,nan,nan,-2.911405324935913086e+00,-3.055054664611816406e+00,-3.195682048797607422e+00,nan,nan,nan,nan,nan,nan,nan,nan,nan,nan,nan,nan,nan,nan,nan,nan,nan,nan,nan,nan,nan,nan,nan,nan
nan,nan,nan,nan,nan,nan,nan,nan,nan,nan,nan,nan,nan,nan,nan,nan,nan,nan,nan,nan,nan,nan,nan,nan,nan,nan,nan,nan,nan,nan,nan,nan,nan,nan,nan,nan,7.318515300750732422e+00,2.536570549011230469e+00,-7.046251296997070312e-01,1.016680812835693359e+01,1.225001430511474609e+01,9.320235252380371094e+00,1.173180007934570312e+01,7.929185867309570312e+00,8.315037727355957031e+00,4.368317127227783203e+00,-2.891533851623535156e+00,7.941768646240234375e+00,nan,nan,nan,nan,nan,nan,nan,nan,nan,nan,nan,nan,nan,nan,nan,nan,nan,nan,nan,nan,nan,nan,nan,nan,nan,nan,nan,nan,nan,nan,nan,nan,nan,nan,nan,nan,nan,nan,nan,nan,nan,nan,nan,nan,nan,nan,nan,nan,nan,nan,nan,-3.005120277404785156e+00,-3.067773580551147461e+00,-3.123979806900024414e+00,nan,nan,nan,nan,nan,nan,nan,nan,nan,nan,nan,nan,nan,nan,nan,nan,nan,nan,nan,nan,nan,nan,nan
nan,nan,nan,nan,nan,nan,nan,nan,nan,nan,nan,nan,nan,nan,nan,nan,nan,nan,nan,nan,nan,nan,nan,nan,nan,nan,nan,nan,nan,nan,nan,nan,nan,nan,nan,nan,nan,6.077498435974121094e+00,-3.038247108459472656e+00,-4.402978897094726562e+00,7.545053958892822266e+00,4.476175308227539062e+00,8.222252845764160156e+00,1.749729275703430176e+00,8.339873313903808594e+00,7.750267505645751953e+00,7.302463531494140625e+00,nan,nan,nan,nan,nan,nan,nan,nan,nan,nan,nan,nan,nan,nan,nan,nan,nan,nan,nan,nan,nan,nan,nan,nan,nan,nan,nan,nan,nan,nan,nan,nan,nan,nan,nan,nan,nan,nan,nan,nan,nan,nan,nan,nan,nan,nan,nan,nan,nan,nan,nan,nan,nan,-3.099404573440551758e+00,nan,nan,nan,nan,nan,nan,nan,nan,nan,nan,nan,nan,nan,nan,nan,nan,nan,nan,nan,nan,nan,nan,nan,nan
nan,nan,nan,nan,nan,nan,nan,nan,nan,nan,nan,nan,nan,nan,nan,nan,nan,nan,nan,nan,nan,nan,nan,nan,nan,nan,nan,nan,nan,nan,nan,nan,nan,nan,nan,nan,nan,nan,nan,5.909688472747802734e+00,nan,nan,7.199407100677490234e+00,nan,nan,nan,nan,nan,nan,nan,nan,nan,nan,nan,nan,nan,nan,nan,nan,nan,nan,nan,nan,nan,nan,nan,nan,nan,nan,nan,nan,nan,nan,nan,nan,nan,nan,nan,nan,nan,nan,nan,nan,nan,nan,nan,nan,nan,nan,nan,nan,nan,nan,nan,nan,nan,nan,nan,nan,nan,-9.427239894866943359e-01,nan,nan,nan,nan,nan,nan,nan,nan,nan,nan,nan,nan,nan,nan,nan,nan,nan,nan,nan,nan,nan,nan,nan,nan
nan,nan,nan,nan,nan,nan,nan,nan,nan,nan,nan,nan,nan,nan,nan,nan,nan,nan,nan,nan,nan,nan,nan,nan,nan,nan,nan,nan,nan,nan,nan,nan,nan,nan,nan,nan,nan,nan,nan,nan,nan,nan,nan,nan,nan,nan,nan,nan,nan,nan,nan,nan,nan,nan,nan,nan,nan,nan,nan,nan,nan,nan,nan,nan,nan,nan,nan,nan,nan,nan,nan,nan,nan,nan,nan,nan,nan,nan,nan,nan,nan,nan,nan,nan,nan,nan,nan,nan,nan,nan,nan,nan,nan,nan,nan,nan,nan,nan,nan,nan,1.272050738334655762e-01,1.272050738334655762e-01,nan,nan,nan,nan,nan,nan,nan,nan,nan,nan,nan,nan,nan,nan,nan,nan,nan,nan,nan,nan,nan,nan,nan
nan,nan,nan,nan,nan,nan,nan,nan,nan,nan,nan,nan,nan,nan,nan,nan,nan,nan,nan,nan,nan,nan,nan,nan,nan,nan,nan,nan,nan,nan,nan,nan,nan,nan,nan,nan,nan,nan,nan,nan,nan,nan,nan,nan,nan,nan,nan,nan,nan,nan,nan,nan,nan,nan,nan,nan,nan,nan,nan,nan,nan,nan,nan,nan,nan,nan,nan,nan,nan,nan,nan,nan,nan,nan,nan,nan,nan,nan,nan,nan,nan,nan,nan,nan,nan,nan,nan,nan,nan,nan,nan,nan,nan,nan,nan,nan,nan,nan,1.272050738334655762e-01,1.272050738334655762e-01,1.272050738334655762e-01,1.272050738334655762e-01,nan,nan,nan,nan,nan,nan,nan,nan,nan,nan,nan,nan,nan,nan,nan,nan,nan,nan,nan,nan,nan,nan,nan
nan,nan,nan,nan,nan,nan,nan,nan,nan,nan,nan,nan,nan,nan,nan,nan,nan,nan,nan,nan,nan,nan,nan,nan,nan,nan,nan,nan,nan,nan,nan,nan,nan,nan,nan,nan,nan,nan,nan,nan,nan,nan,nan,nan,nan,nan,nan,nan,nan,nan,nan,nan,nan,nan,nan,nan,nan,nan,nan,nan,nan,nan,nan,nan,nan,nan,nan,nan,nan,nan,nan,nan,nan,nan,nan,nan,nan,nan,nan,nan,nan,nan,nan,nan,nan,nan,nan,nan,nan,nan,nan,nan,nan,nan,nan,nan,nan,nan,nan,nan,1.272050738334655762e-01,nan,nan,nan,nan,nan,nan,nan,nan,nan,nan,nan,nan,nan,nan,nan,nan,nan,nan,nan,nan,nan,nan,nan,nan
nan,nan,nan,nan,nan,nan,nan,nan,nan,nan,nan,nan,nan,nan,nan,nan,nan,nan,nan,nan,nan,nan,nan,nan,nan,nan,nan,nan,nan,nan,nan,nan,nan,nan,nan,nan,nan,nan,nan,nan,nan,nan,nan,nan,nan,nan,nan,nan,nan,nan,nan,nan,nan,nan,nan,nan,nan,nan,nan,nan,nan,nan,nan,nan,nan,nan,nan,nan,nan,nan,nan,nan,nan,nan,nan,nan,nan,nan,nan,nan,nan,nan,nan,nan,nan,nan,nan,nan,nan,nan,nan,nan,nan,nan,nan,nan,nan,nan,nan,1.272050738334655762e-01,1.272050738334655762e-01,nan,nan,nan,nan,nan,nan,nan,nan,nan,nan,nan,nan,nan,nan,nan,nan,nan,nan,nan,nan,nan,nan,nan,nan
nan,nan,nan,nan,nan,nan,nan,nan,nan,nan,nan,nan,nan,nan,nan,nan,nan,nan,nan,nan,nan,nan,nan,nan,nan,nan,nan,nan,nan,nan,nan,nan,nan,nan,nan,nan,nan,nan,nan,nan,nan,nan,nan,nan,nan,nan,nan,nan,nan,nan,nan,nan,nan,nan,nan,nan,nan,nan,nan,nan,nan,nan,nan,nan,nan,nan,nan,nan,nan,nan,nan,nan,nan,nan,nan,nan,nan,nan,nan,nan,nan,nan,nan,nan,nan,nan,nan,nan,nan,nan,nan,nan,nan,nan,nan,nan,nan,nan,nan,nan,nan,1.272050738334655762e-01,1.272050738334655762e-01,nan,nan,nan,nan,nan,nan,nan,nan,nan,nan,nan,nan,nan,nan,nan,nan,nan,nan,nan,nan,nan,nan
nan,nan,nan,nan,nan,nan,nan,nan,nan,nan,nan,nan,nan,nan,nan,nan,nan,nan,nan,nan,nan,nan,nan,nan,nan,nan,nan,nan,nan,nan,nan,nan,nan,nan,nan,nan,nan,nan,nan,nan,nan,nan,nan,nan,nan,nan,nan,nan,nan,nan,nan,nan,nan,nan,nan,nan,nan,nan,nan,nan,nan,nan,nan,nan,nan,nan,nan,nan,nan,nan,nan,nan,nan,nan,nan,nan,nan,nan,nan,nan,nan,nan,nan,nan,nan,nan,nan,nan,nan,nan,nan,nan,nan,nan,nan,nan,nan,nan,nan,nan,nan,nan,1.272050738334655762e-01,nan,nan,nan,nan,nan,nan,nan,nan,nan,nan,nan,nan,nan,nan,nan,nan,nan,nan,nan,nan,nan,nan
nan,nan,nan,nan,nan,nan,nan,nan,nan,nan,nan,nan,nan,nan,nan,nan,nan,nan,nan,nan,nan,nan,nan,nan,nan,nan,nan,nan,nan,nan,nan,nan,nan,nan,nan,nan,nan,nan,nan,nan,nan,nan,nan,nan,nan,nan,nan,nan,nan,nan,nan,nan,nan,nan,nan,nan,nan,nan,nan,nan,nan,nan,nan,nan,nan,nan,nan,nan,nan,nan,nan,nan,nan,nan,nan,nan,nan,nan,nan,nan,nan,nan,nan,nan,nan,nan,nan,nan,nan,nan,nan,nan,nan,nan,nan,nan,nan,nan,nan,nan,nan,nan,nan,nan,nan,nan,nan,nan,nan,nan,nan,nan,nan,nan,nan,nan,nan,nan,nan,nan,nan,nan,nan,nan,nan
nan,nan,nan,nan,nan,nan,nan,nan,nan,nan,nan,nan,nan,nan,nan,nan,nan,nan,nan,nan,nan,nan,nan,nan,nan,nan,nan,nan,nan,nan,nan,nan,nan,nan,nan,nan,nan,nan,nan,nan,nan,nan,nan,nan,nan,nan,nan,nan,nan,nan,nan,nan,nan,nan,nan,nan,nan,nan,nan,nan,nan,nan,nan,nan,nan,nan,nan,nan,nan,nan,nan,nan,nan,nan,nan,nan,nan,nan,nan,nan,nan,nan,nan,nan,nan,nan,nan,nan,nan,nan,nan,nan,nan,nan,nan,nan,nan,nan,nan,nan,nan,nan,nan,nan,nan,nan,nan,nan,nan,nan,nan,nan,nan,nan,nan,nan,nan,nan,nan,nan,nan,nan,nan,nan,nan
nan,nan,nan,nan,nan,nan,nan,nan,nan,nan,nan,nan,nan,nan,nan,nan,nan,nan,nan,nan,nan,nan,nan,nan,nan,nan,nan,nan,nan,nan,nan,nan,nan,nan,nan,nan,nan,nan,nan,nan,nan,nan,nan,nan,nan,nan,nan,nan,nan,nan,nan,nan,nan,nan,nan,nan,nan,nan,nan,nan,nan,nan,nan,nan,nan,nan,nan,nan,nan,nan,nan,nan,nan,nan,nan,nan,nan,nan,nan,nan,nan,nan,nan,nan,nan,nan,nan,nan,nan,nan,nan,nan,nan,nan,nan,nan,nan,nan,nan,nan,nan,nan,nan,nan,nan,nan,nan,nan,nan,nan,nan,nan,nan,nan,nan,nan,nan,nan,nan,nan,nan,nan,nan,nan,nan
nan,nan,nan,nan,nan,nan,nan,nan,nan,nan,nan,nan,nan,nan,nan,nan,nan,nan,nan,nan,nan,nan,nan,nan,nan,nan,nan,nan,nan,nan,nan,nan,nan,nan,nan,nan,nan,nan,nan,nan,nan,nan,nan,nan,nan,nan,nan,nan,nan,nan,nan,nan,nan,nan,nan,nan,nan,nan,nan,nan,nan,nan,nan,nan,nan,nan,nan,nan,nan,nan,nan,nan,nan,nan,nan,nan,nan,nan,nan,nan,nan,nan,nan,nan,nan,nan,nan,nan,nan,nan,nan,nan,nan,nan,nan,nan,nan,nan,nan,nan,nan,nan,nan,nan,nan,nan,nan,nan,nan,nan,nan,nan,nan,nan,nan,nan,nan,nan,nan,nan,nan,nan,nan,nan,nan
nan,nan,nan,nan,nan,nan,nan,nan,nan,nan,nan,nan,nan,nan,nan,nan,nan,nan,nan,nan,nan,nan,nan,nan,nan,nan,nan,nan,nan,3.949201583862304688e+00,3.922812223434448242e+00,3.896691083908081055e+00,3.442045688629150391e+00,nan,nan,nan,nan,nan,nan,nan,nan,nan,nan,nan,nan,nan,nan,nan,nan,nan,nan,nan,nan,nan,nan,nan,nan,nan,nan,nan,nan,nan,nan,nan,nan,nan,nan,nan,nan,nan,nan,nan,nan,nan,nan,nan,nan,nan,nan,nan,nan,nan,nan,nan,nan,nan,nan,nan,nan,nan,nan,nan,nan,nan,nan,nan,nan,nan,nan,nan,nan,nan,nan,nan,nan,nan,nan,nan,nan,nan,nan,nan,nan,nan,nan,nan,nan,nan,nan,nan,nan,nan,nan,nan,nan
nan,nan,nan,nan,nan,nan,nan,nan,nan,nan,nan,nan,nan,nan,nan,nan,nan,nan,nan,nan,nan,nan,nan,nan,nan,nan,nan,nan,nan,4.078128337860107422e+00,4.063359737396240234e+00,4.049085617065429688e+00,nan,nan,nan,nan,nan,nan,nan,nan,nan,nan,nan,nan,nan,nan,nan,nan,nan,nan,nan,nan,nan,nan,nan,nan,nan,nan,nan,nan,nan,nan,nan,nan,nan,nan,nan,nan,nan,nan,nan,nan,nan,nan,nan,nan,nan,nan,nan,nan,nan,nan,nan,nan,nan,nan,nan,nan,nan,nan,nan,nan,nan,nan,nan,nan,nan,nan,nan,nan,nan,nan,nan,nan,nan,nan,nan,nan,nan,nan,nan,nan,nan,nan,nan,nan,nan,nan,nan,nan,nan,nan,nan,nan,nan
nan,nan,nan,nan,nan,nan,nan,nan,nan,nan,nan,nan,nan,nan,nan,nan,nan,nan,nan,nan,nan,nan,nan,nan,nan,nan,nan,nan,4.470359325408935547e+00,4.468271255493164062e+00,4.466250896453857422e+00,4.464303016662597656e+00,nan,nan,nan,nan,nan,nan,nan,nan,nan,nan,nan,nan,nan,nan,nan,nan,nan,nan,nan,nan,nan,nan,nan,nan,nan,nan,nan,nan,nan,nan,nan,nan,nan,nan,nan,nan,nan,nan,nan,nan,nan,nan,nan,nan,nan,nan,nan,nan,nan,nan,nan,nan,nan,nan,nan,nan,nan,nan,nan,nan,nan,nan,nan,nan,nan,nan,nan,nan,nan,nan,nan,nan,nan,nan,nan,nan,nan,nan,nan,nan,nan,nan,nan,nan,nan,nan,nan,nan,nan,nan,nan,nan,nan
nan,nan,nan,nan,nan,nan,nan,nan,nan,nan,nan,nan,nan,nan,nan,nan,nan,nan,nan,nan,nan,nan,nan,nan,nan,nan,nan,4.531363010406494141e+00,4.531033992767333984e+00,4.530706405639648438e+00,4.530381679534912109e+00,nan,nan,nan,nan,nan,nan,nan,nan,nan,nan,nan,nan,nan,nan,nan,nan,nan,nan,nan,nan,nan,nan,nan,nan,nan,nan,nan,nan,nan,nan,nan,nan,nan,nan,nan,nan,nan,nan,nan,nan,nan,nan,nan,nan,nan,nan,nan,nan,nan,nan,nan,nan,nan,nan,nan,nan,nan,nan,nan,nan,nan,nan,nan,nan,nan,nan,nan,nan,nan,nan,nan,nan,nan,nan,nan,nan,nan,nan,nan,nan,nan,nan,nan,nan,nan,nan,nan,nan,nan,nan,nan,nan,nan,nan
nan,nan,nan,nan,nan,nan,nan,nan,nan,nan,nan,nan,nan,nan,nan,nan,nan,nan,nan,nan,nan,nan,nan,nan,nan,nan,4.593511581420898438e+00,4.535254955291748047e+00,3.442045688629150391e+00,4.597805976867675781e+00,4.599101543426513672e+00,nan,nan,nan,nan,nan,nan,nan,nan,nan,nan,nan,nan,nan,nan,nan,nan,nan,nan,nan,nan,nan,nan,nan,nan,nan,nan,nan,nan,nan,nan,nan,nan,nan,nan,nan,nan,nan,nan,nan,nan,nan,nan,nan,nan,nan,nan,nan,nan,nan,nan,nan,nan,nan,nan,nan,nan,nan,nan,nan,nan,nan,nan,nan,nan,nan,nan,nan,nan,nan,nan,nan,nan,nan,nan,nan,nan,nan,nan,nan,nan,nan,nan,nan,nan,nan,nan,nan,nan,nan,nan,nan,nan,nan,nan
nan,nan,nan,nan,nan,nan,nan,nan,nan,nan,nan,nan,nan,nan,nan,nan,nan,nan,nan,nan,nan,nan,nan,nan,nan,nan,nan,4.663156509399414062e+00,4.416570186614990234e+00,4.669196128845214844e+00,4.671999931335449219e+00,4.674657821655273438e+00,nan,nan,nan,nan,nan,nan,nan,nan,nan,nan,nan,nan,nan,nan,nan,nan,nan,nan,nan,nan,nan,nan,nan,nan,nan,nan,nan,nan,nan,nan,nan,nan,nan,nan,nan,nan,nan,nan,nan,nan,nan,nan,nan,nan,nan,nan,nan,nan,nan,nan,nan,nan,nan,nan,nan,nan,nan,nan,nan,nan,nan,nan,nan,nan,nan,nan,nan,nan,nan,nan,nan,nan,nan,nan,nan,nan,nan,nan,nan,nan,nan,nan,nan,nan,nan,nan,nan,nan,nan,nan,nan,nan,nan
nan,nan,nan,nan,nan,nan,nan,nan,nan,nan,nan,nan,nan,nan,nan,nan,nan,nan,nan,nan,nan,nan,nan,nan,nan,nan,nan,nan,6.277335166931152344e+00,4.744352817535400391e+00,4.748517513275146484e+00,nan,nan,nan,nan,nan,nan,nan,nan,nan,nan,nan,nan,nan,nan,nan,nan,nan,nan,nan,nan,nan,nan,nan,nan,nan,nan,nan,nan,nan,nan,nan,nan,nan,nan,nan,nan,nan,nan,nan,nan,nan,nan,nan,nan,nan,nan,nan,nan,nan,nan,nan,nan,nan,nan,nan,nan,nan,nan,nan,nan,nan,nan,nan,nan,nan,nan,nan,nan,nan,nan,nan,nan,nan,nan,nan,nan,nan,nan,nan,nan,nan,nan,nan,nan,nan,nan,nan,nan,nan,nan,nan,nan,nan,nan
nan,nan,nan,nan,nan,nan,nan,nan,nan,nan,nan,nan,nan,nan,nan,nan,nan,nan,nan,nan,nan,nan,nan,nan,nan,nan,nan,4.371883392333984375e+00,4.284032821655273438e+00,4.179380893707275391e+00,4.056339263916015625e+00,nan,nan,nan,nan,nan,nan,nan,nan,nan,nan,nan,nan,nan,nan,nan,nan,nan,nan,nan,nan,nan,nan,nan,nan,nan,nan,nan,nan,nan,nan,nan,nan,nan,nan,nan,nan,nan,nan,nan,nan,nan,nan,nan,nan,nan,nan,nan,nan,nan,nan,nan,nan,nan,nan,nan,nan,nan,nan,nan,nan,nan,nan,nan,nan,nan,nan,nan,nan,nan,nan,nan,nan,nan,nan,nan,nan,nan,nan,nan,nan,nan,nan,nan,nan,nan,nan,nan,nan,nan,nan,nan,nan,nan,nan
nan,nan,nan,nan,nan,nan,nan,nan,nan,nan,nan,nan,nan,nan,nan,nan,nan,nan,nan,nan,nan,nan,nan,nan,nan,nan,nan,nan,nan,2.083846569061279297e+00,nan,nan,nan,nan,nan,nan,nan,nan,nan,nan,nan,nan,nan,nan,nan,nan,nan,nan,nan,nan,nan,nan,nan,nan,nan,nan,nan,nan,nan,nan,nan,nan,nan,nan,nan,nan,nan,nan,nan,nan,nan,nan,nan,nan,nan,nan,nan,nan,nan,nan,nan,nan,nan,nan,nan,nan,nan,nan,nan,nan,nan,nan,nan,nan,nan,nan,nan,nan,nan,nan,nan,nan,nan,nan,nan,nan,nan,6.166933059692382812e+00,nan,nan,nan,nan,nan,nan,nan,nan,nan,nan,nan,nan,nan,nan,nan,nan,nan
nan,nan,nan,nan,nan,nan,nan,nan,nan,nan,nan,nan,nan,nan,nan,nan,nan,nan,nan,nan,nan,nan,nan,nan,nan,nan,nan,nan,nan,-2.891235286369919777e-03,-3.520739972591400146e-01,nan,nan,nan,nan,nan,nan,nan,nan,nan,nan,nan,nan,nan,nan,nan,nan,nan,nan,nan,nan,nan,nan,nan,nan,nan,nan,nan,nan,nan,nan,nan,nan,nan,nan,nan,nan,nan,nan,nan,nan,nan,nan,nan,nan,nan,nan,nan,nan,nan,nan,nan,nan,nan,nan,nan,nan,nan,nan,nan,nan,nan,nan,nan,nan,nan,nan,nan,nan,nan,nan,nan,nan,nan,nan,nan,nan,nan,nan,nan,nan,nan,nan,nan,nan,nan,nan,nan,nan,nan,nan,nan,nan,nan,nan
nan,nan,nan,nan,nan,nan,nan,nan,nan,nan,nan,nan,nan,nan,nan,nan,nan,nan,nan,nan,nan,nan,nan,nan,nan,nan,nan,nan,nan,-6.662114858627319336e-01,-7.889656424522399902e-01,nan,nan,nan,nan,nan,nan,nan,nan,nan,nan,nan,nan,nan,nan,nan,nan,nan,nan,nan,nan,nan,nan,nan,nan,nan,nan,nan,nan,nan,nan,nan,nan,nan,nan,nan,nan,nan,nan,nan,nan,nan,nan,nan,nan,nan,nan,nan,nan,nan,nan,nan,nan,nan,nan,nan,nan,nan,nan,nan,nan,nan,nan,nan,nan,nan,nan,nan,nan,nan,nan,nan,nan,nan,nan,nan,nan,nan,nan,nan,nan,nan,nan,nan,nan,nan,nan,nan,nan,nan,nan,nan,nan,nan,nan
nan,nan,nan,nan,nan,nan,nan,nan,nan,nan,nan,nan,nan,nan,nan,nan,nan,nan,nan,nan,nan,nan,nan,nan,nan,nan,nan,nan,nan,-1.225763678550720215e+00,-7.095196051523089409e-04,-1.143818378448486328e+00,nan,nan,nan,nan,nan,nan,nan,nan,nan,nan,nan,nan,nan,nan,nan,nan,nan,nan,nan,nan,nan,nan,nan,nan,nan,nan,nan,nan,nan,nan,nan,nan,nan,nan,nan,nan,nan,nan,nan,nan,nan,nan,nan,nan,nan,nan,nan,nan,nan,nan,nan,nan,nan,nan,nan,nan,nan,nan,nan,nan,nan,nan,nan,nan,nan,nan,nan,nan,nan,nan,nan,nan,nan,nan,6.166933059692382812e+00,6.166933059692382812e+00,nan,nan,nan,nan,nan,nan,nan,nan,nan,nan,nan,nan,nan,nan,nan,nan,nan
nan,nan,nan,nan,nan,nan,nan,nan,nan,nan,nan,nan,nan,nan,nan,nan,nan,nan,nan,nan,nan,nan,nan,nan,nan,nan,nan,nan,nan,-1.156402587890625000e+00,-1.395598649978637695e+00,-1.331385457888245583e-03,-2.880902528762817383e+00,-3.637423276901245117e+00,-6.310373544692993164e-01,nan,nan,nan,nan,nan,nan,nan,nan,nan,nan,nan,nan,nan,nan,nan,nan,nan,nan,nan,nan,nan,nan,nan,nan,nan,nan,nan,nan,nan,nan,nan,nan,nan,nan,nan,nan,nan,nan,nan,nan,nan,nan,nan,nan,nan,nan,nan,nan,nan,nan,nan,nan,nan,nan,nan,nan,nan,nan,nan,nan,nan,nan,nan,nan,nan,nan,nan,nan,nan,nan,nan,6.166933059692382812e+00,6.166933059692382812e+00,nan,nan,nan,nan,nan,nan,nan,nan,nan,nan,nan,nan,nan,nan,nan,nan,nan
nan,nan,nan,nan,nan,nan,nan,nan,nan,nan,nan,nan,nan,nan,nan,nan,nan,nan,nan,nan,nan,nan,nan,nan,nan,nan,nan,nan,nan,-1.587298035621643066e+00,-1.352740883827209473e+00,-6.309309005737304688e+00,9.751712679862976074e-01,5.142029840499162674e-03,-6.164129376411437988e-01,nan,nan,nan,nan,nan,nan,nan,nan,nan,nan,nan,nan,nan,nan,nan,nan,nan,nan,nan,nan,nan,nan,nan,nan,nan,nan,nan,nan,nan,nan,nan,nan,nan,nan,nan,nan,nan,nan,nan,nan,nan,nan,nan,nan,nan,nan,nan,nan,nan,nan,nan,nan,nan,nan,nan,nan,nan,nan,nan,nan,nan,nan,nan,nan,nan,nan,nan,nan,nan,nan,6.166933059692382812e+00,6.166933059692382812e+00,nan,nan,nan,nan,nan,nan,nan,nan,nan,nan,nan,nan,nan,nan,nan,nan,nan,nan
nan,nan,nan,nan,nan,nan,nan,nan,nan,nan,nan,nan,nan,nan,nan,nan,nan,nan,nan,nan,nan,nan,nan,nan,nan,nan,nan,nan,nan,nan,-1.102201223373413086e+00,-8.034809827804565430e-01,-5.698762536048889160e-01,5.576465606689453125e+00,nan,nan,nan,nan,nan,nan,nan,nan,nan,nan,nan,nan,nan,nan,nan,nan,nan,nan,nan,nan,nan,nan,nan,nan,nan,nan,nan,nan,nan,nan,nan,nan,nan,nan,nan,nan,nan,nan,nan,nan,nan,nan,nan,nan,nan,nan,nan,nan,nan,nan,nan,nan,nan,nan,nan,nan,nan,nan,nan,nan,nan,nan,nan,nan,nan,nan,nan,nan,nan,nan,6.166933059692382812e+00,nan,6.166933059692382812e+00,nan,nan,nan,nan,nan,nan,nan,nan,nan,nan,nan,nan,nan,nan,nan,nan,nan,nan
nan,nan,nan,nan,nan,nan,nan,nan,nan,nan,nan,nan,nan,nan,nan,nan,nan,nan,nan,nan,nan,nan,nan,nan,nan,nan,nan,nan,nan,nan,-1.129690527915954590e+00,-6.403873562812805176e-01,-3.301778435707092285e-01,3.213964169844985008e-03,nan,nan,nan,nan,nan,nan,nan,nan,nan,nan,nan,nan,nan,nan,nan,nan,nan,nan,nan,nan,nan,nan,nan,nan,nan,nan,nan,nan,nan,nan,nan,nan,nan,nan,nan,nan,nan,nan,nan,nan,nan,nan,nan,nan,nan,nan,nan,nan,nan,nan,nan,nan,nan,nan,nan,nan,nan,nan,nan,nan,nan,nan,nan,nan,nan,nan,nan,nan,nan,nan,6.166933059692382812e+00,nan,6.166933059692382812e+00,nan,nan,nan,nan,nan,nan,nan,nan,nan,nan,nan,nan,nan,nan,nan,nan,nan,nan
nan,nan,nan,nan,nan,nan,nan,nan,nan,nan,nan,nan,nan,nan,nan,nan,nan,nan,nan,nan,nan,nan,nan,nan,nan,nan,nan,nan,nan,nan,nan,-4.684410393238067627e-01,-1.242150119651341811e-05,1.843875795602798462e-01,2.105543851852416992e+00,8.838069438934326172e-01,nan,nan,nan,nan,nan,nan,nan,nan,nan,nan,nan,nan,nan,nan,nan,nan,nan,nan,nan,nan,nan,nan,nan,nan,nan,nan,nan,nan,nan,nan,nan,nan,nan,nan,nan,nan,nan,nan,nan,nan,nan,nan,nan,nan,nan,nan,nan,nan,nan,nan,nan,nan,nan,nan,nan,nan,nan,nan,nan,nan,nan,nan,nan,nan,nan,nan,nan,nan,6.166933059692382812e+00,6.166933059692382812e+00,6.166933059692382812e+00,nan,nan,nan,nan,nan,nan,nan,nan,nan,nan,nan,nan,nan,nan,nan,nan,nan,nan
nan,nan,nan,nan,nan,nan,nan,nan,nan,nan,nan,nan,nan,nan,nan,nan,nan,nan,nan,nan,nan,nan,nan,nan,nan,nan,nan,nan,nan,nan,nan,-1.050243228673934937e-01,-1.246515750885009766e+01,-2.782483100891113281e+00,8.240020751953125000e+00,1.053084135055541992e+00,1.301697850227355957e+00,nan,nan,nan,nan,nan,nan,nan,nan,nan,nan,nan,nan,nan,nan,nan,nan,nan,nan,nan,nan,nan,nan,nan,nan,nan,nan,nan,nan,nan,nan,nan,nan,nan,nan,nan,nan,nan,nan,nan,nan,nan,nan,nan,nan,nan,nan,nan,nan,nan,nan,nan,nan,nan,nan,nan,nan,nan,nan,nan,nan,nan,nan,nan,nan,nan,nan,nan,nan,nan,nan,nan,nan,nan,nan,nan,nan,nan,nan,nan,nan,nan,nan,nan,nan,nan,nan,nan,nan
nan,nan,nan,nan,nan,nan,nan,nan,nan,nan,nan,nan,nan,nan,nan,nan,nan,nan,nan,nan,nan,nan,nan,nan,nan,nan,nan,nan,nan,nan,nan,-1.530775576829910278e-01,-4.344026565551757812e+00,2.486370563507080078e+00,7.269497394561767578e+00,5.529445171356201172e+00,-1.393393039703369141e+00,2.161947250366210938e+00,nan,nan,nan,nan,nan,nan,nan,nan,nan,nan,nan,nan,nan,nan,nan,nan,nan,nan,nan,nan,nan,nan,nan,nan,nan,nan,nan,nan,nan,nan,nan,nan,nan,nan,nan,nan,nan,nan,nan,nan,nan,nan,nan,nan,nan,nan,nan,nan,nan,nan,nan,nan,nan,nan,nan,nan,nan,nan,nan,nan,nan,nan,nan,nan,nan,nan,nan,nan,nan,nan,nan,nan,nan,nan,nan,nan,nan,nan,nan,nan,nan,nan,nan,nan,nan,nan,nan
nan,nan,nan,nan,nan,nan,nan,nan,nan,nan,nan,nan,nan,nan,nan,nan,nan,nan,nan,nan,nan,nan,nan,nan,nan,nan,nan,nan,nan,nan,nan,-9.963558316230773926e-01,-4.734440326690673828e+00,-4.403334140777587891e+00,7.538797378540039062e+00,6.282839298248291016e+00,1.044022962450981140e-01,1.721692323684692383e+00,nan,nan,nan,nan,nan,nan,nan,nan,nan,nan,nan,nan,nan,nan,nan,nan,nan,nan,nan,nan,nan,nan,nan,nan,nan,nan,nan,nan,nan,nan,nan,nan,nan,nan,nan,nan,nan,nan,nan,nan,nan,nan,nan,nan,nan,nan,nan,nan,nan,nan,nan,nan,nan,nan,nan,nan,nan,nan,nan,nan,nan,nan,nan,nan,nan,nan,nan,nan,nan,nan,nan,nan,nan,nan,nan,nan,nan,nan,nan,nan,nan,nan,nan,nan,nan,nan,nan
nan,nan,nan,nan,nan,nan,nan,nan,nan,nan,nan,nan,nan,nan,nan,nan,nan,nan,nan,nan,nan,nan,nan,nan,nan,nan,nan,nan,nan,nan,-2.556891441345214844e+00,-1.621448636054992676e+00,-1.232866764068603516e+00,-6.428507804870605469e+00,6.058009624481201172e+00,5.091726303100585938e+00,-5.080996036529541016e+00,1.222799658775329590e+00,nan,nan,nan,nan,nan,nan,nan,nan,nan,nan,nan,nan,nan,nan,nan,nan,nan,nan,nan,nan,nan,nan,nan,nan,nan,nan,nan,nan,nan,nan,nan,nan,nan,nan,nan,nan,nan,nan,nan,nan,nan,nan,nan,nan,nan,nan,nan,nan,nan,nan,nan,nan,nan,nan,nan,nan,nan,nan,nan,nan,nan,nan,nan,nan,nan,nan,nan,nan,nan,nan,nan,nan,nan,nan,nan,nan,nan,nan,nan,nan,nan,nan,nan,nan,nan,nan,nan
nan,nan,nan,nan,nan,nan,nan,nan,nan,nan,nan,nan,nan,nan,nan,nan,nan,nan,nan,nan,nan,nan,nan,nan,nan,nan,nan,nan,nan,nan,-3.625648975372314453e+00,6.237462520599365234e+00,-2.250732183456420898e+00,-4.671676158905029297e+00,-1.379469513893127441e+00,-1.103417873382568359e+00,-4.752730429172515869e-01,2.540391385555267334e-01,nan,nan,nan,nan,nan,nan,nan,nan,nan,nan,nan,nan,nan,nan,nan,nan,nan,nan,nan,nan,nan,nan,nan,nan,nan,nan,nan,nan,nan,nan,nan,nan,nan,nan,nan,nan,nan,nan,nan,nan,nan,nan,nan,nan,nan,nan,nan,nan,nan,nan,nan,nan,nan,nan,nan,nan,nan,nan,nan,nan,nan,nan,nan,nan,nan,nan,nan,nan,nan,nan,nan,nan,nan,nan,nan,nan,nan,nan,nan,nan,nan,nan,nan,nan,nan,nan,nan
nan,nan,nan,nan,nan,nan,nan,nan,nan,nan,nan,nan,nan,nan,nan,nan,nan,nan,nan,nan,nan,nan,nan,nan,nan,nan,nan,nan,nan,-5.409783363342285156e+00,2.305459499359130859e+00,-5.702323913574218750e+00,-5.340157508850097656e+00,-3.024992227554321289e+00,-2.587014436721801758e+00,-2.312715768814086914e+00,-1.536961078643798828e+00,-8.028793334960937500e-01,-2.911954224109649658e-01,-5.522606968879699707e-01,-5.458276867866516113e-01,-2.430583983659744263e-01,nan,nan,nan,nan,nan,nan,nan,nan,nan,nan,nan,nan,nan,nan,nan,nan,nan,nan,nan,nan,nan,nan,nan,nan,nan,nan,nan,nan,nan,nan,nan,nan,nan,nan,nan,nan,nan,nan,nan,nan,nan,nan,nan,nan,nan,nan,nan,nan,nan,nan,nan,nan,nan,nan,nan,nan,nan,nan,nan,nan,nan,nan,nan,nan,nan,nan,nan,nan,nan,nan,nan,nan,nan,nan,nan,nan,nan,nan,nan,nan,nan,nan,nan
nan,nan,nan,nan,nan,nan,nan,nan,nan,nan,nan,nan,nan,nan,nan,nan,nan,nan,nan,nan,nan,nan,nan,nan,nan,nan,nan,nan,nan,-6.353324890136718750e+00,-2.955991268157958984e+00,-1.064213275909423828e+01,-9.836981773376464844e+00,-4.899654865264892578e+00,-4.534604072570800781e+00,-4.315733432769775391e+00,-3.449531078338623047e+00,-2.590042591094970703e+00,-1.928206086158752441e+00,-5.311889648437500000e+00,2.242290973663330078e+00,3.418680906295776367e+00,nan,nan,nan,nan,nan,nan,nan,nan,nan,nan,nan,nan,nan,nan,nan,nan,nan,nan,nan,nan,nan,nan,nan,nan,nan,nan,nan,nan,nan,nan,nan,nan,nan,nan,nan,nan,nan,nan,nan,nan,nan,nan,nan,nan,nan,nan,nan,nan,nan,nan,nan,nan,nan,nan,nan,nan,nan,nan,nan,nan,nan,nan,nan,nan,nan,nan,nan,nan,nan,nan,nan,nan,nan,nan,nan,nan,nan,nan,nan,nan,nan,nan,nan
nan,nan,nan,nan,nan,nan,nan,nan,nan,nan,nan,nan,nan,nan,nan,nan,nan,nan,nan,nan,nan,nan,nan,nan,nan,nan,nan,nan,nan,-7.287995815277099609e+00,-6.648198604583740234e+00,-1.359712505340576172e+01,-6.888794422149658203e+00,-3.015838623046875000e+00,5.541222572326660156e+00,3.804351568222045898e+00,-2.003840208053588867e+00,-3.491881132125854492e+00,1.431439159205183387e-04,-3.436745405197143555e+00,4.041034698486328125e+00,5.738795757293701172e+00,1.755848526954650879e+00,-4.199597358703613281e+00,-4.203689575195312500e+00,-2.349442481994628906e+00,-6.676571846008300781e+00,nan,nan,nan,nan,nan,nan,nan,nan,nan,nan,nan,nan,nan,nan,nan,nan,nan,nan,nan,nan,nan,nan,nan,nan,nan,nan,nan,nan,nan,nan,nan,nan,nan,nan,nan,nan,nan,nan,nan,nan,nan,nan,nan,nan,nan,nan,nan,nan,nan,nan,nan,nan,nan,nan,nan,nan,nan,nan,nan,nan,nan,nan,nan,nan,nan,nan,nan,nan,nan,nan,nan,nan,nan,nan,nan,nan,nan,nan
nan,nan,nan,nan,nan,nan,nan,nan,nan,nan,nan,nan,nan,nan,nan,nan,nan,nan,nan,nan,nan,nan,nan,nan,nan,nan,nan,nan,nan,-8.183477401733398438e+00,-5.618498325347900391e+00,-1.212506103515625000e+01,-6.719624519348144531e+00,-7.890191078186035156e+00,-3.893163204193115234e+00,-1.090974569320678711e+00,-1.615069985389709473e+00,-4.090890407562255859e+00,-6.363694190979003906e+00,-7.890535831451416016e+00,-5.619592189788818359e+00,-5.775405883789062500e+00,-5.858260631561279297e+00,-6.182462215423583984e+00,1.568426370620727539e+00,-3.154644012451171875e+00,-7.498541831970214844e+00,nan,nan,nan,nan,nan,nan,nan,nan,nan,-3.523939609527587891e+00,nan,nan,nan,nan,nan,nan,nan,nan,nan,nan,nan,nan,nan,nan,nan,nan,nan,nan,nan,nan,nan,nan,nan,nan,nan,nan,nan,nan,nan,nan,nan,nan,nan,nan,nan,nan,nan,nan,nan,nan,nan,nan,nan,nan,nan,nan,nan,nan,nan,nan,nan,nan,nan,nan,nan,nan,nan,nan,nan,nan,nan,nan,nan,nan,nan,nan,nan,nan
nan,nan,nan,nan,nan,nan,nan,nan,nan,nan,nan,nan,nan,nan,nan,nan,nan,nan,nan,nan,nan,nan,nan,nan,nan,nan,nan,nan,nan,-9.354423522949218750e+00,-4.740594863891601562e+00,-1.042837905883789062e+01,-9.205060005187988281e+00,-8.946209907531738281e+00,-9.374198913574218750e+00,-8.964908599853515625e+00,-4.513082981109619141e+00,-7.831961631774902344e+00,nan,-6.939160823822021484e+00,nan,nan,-6.596248626708984375e+00,nan,-6.619587898254394531e+00,-1.150079059600830078e+01,-6.942665576934814453e+00,-6.877704620361328125e+00,-6.279559612274169922e+00,-5.947237014770507812e+00,-4.817013263702392578e+00,-4.276972770690917969e+00,-1.395880579948425293e+00,-3.378224134445190430e+00,-3.156750679016113281e+00,-2.772126436233520508e+00,-4.669271469116210938e+00,-2.643623828887939453e+00,nan,nan,nan,nan,nan,nan,nan,nan,nan,nan,nan,nan,nan,nan,nan,nan,nan,nan,nan,nan,nan,nan,nan,nan,nan,nan,nan,nan,nan,nan,nan,nan,nan,nan,nan,nan,nan,nan,nan,nan,nan,nan,nan,nan,nan,nan,nan,nan,nan,nan,nan,nan,nan,nan,nan,nan,nan,nan,nan,nan,nan,nan,nan,nan,nan,nan,nan
nan,nan,nan,nan,nan,nan,nan,nan,nan,nan,nan,nan,nan,nan,nan,nan,nan,nan,nan,nan,nan,nan,nan,nan,nan,nan,nan,nan,nan,-1.094720649719238281e+01,-5.813598632812500000e+00,-1.159447574615478516e+01,-9.654171943664550781e+00,-1.535423755645751953e+01,-1.572593307495117188e+01,-1.528942871093750000e+01,-1.288169479370117188e+01,-6.951185703277587891e+00,-7.974407672882080078e+00,-4.880784511566162109e+00,-6.934869289398193359e+00,-6.885694026947021484e+00,-1.002127933502197266e+01,-6.614045143127441406e+00,-6.260473728179931641e+00,-1.716141891479492188e+01,nan,-5.511412143707275391e+00,nan,nan,-8.601736068725585938e+00,-2.917944431304931641e+00,-4.879141807556152344e+00,-6.692251682281494141e+00,-4.186382293701171875e+00,-9.094080328941345215e-01,-7.236378192901611328e-01,-6.817946434020996094e+00,-1.617452025413513184e+00,nan,nan,nan,nan,nan,nan,nan,nan,nan,nan,nan,nan,nan,nan,nan,nan,nan,nan,nan,nan,nan,nan,nan,nan,nan,nan,nan,nan,nan,nan,nan,nan,nan,nan,nan,nan,nan,nan,nan,nan,nan,nan,nan,nan,nan,nan,nan,nan,nan,nan,nan,nan,nan,nan,nan,nan,nan,nan,nan,nan,nan,nan,nan,nan,nan,nan
nan,nan,nan,nan,nan,nan,nan,nan,nan,nan,nan,nan,nan,nan,nan,nan,nan,nan,nan,nan,nan,nan,nan,nan,nan,nan,nan,nan,nan,-1.314583969116210938e+01,-1.304444122314453125e+01,-1.123248767852783203e+01,-1.599698257446289062e+01,-1.639846611022949219e+01,-1.626219749450683594e+01,-1.633978080749511719e+01,-1.423785591125488281e+01,-1.156005859375000000e+01,-6.887211799621582031e+00,-2.101414489746093750e+01,-2.058285522460937500e+01,-1.410179424285888672e+01,-1.041237545013427734e+01,nan,nan,-1.665216255187988281e+01,-4.497273445129394531e+00,-3.975786447525024414e+00,-3.355277538299560547e+00,-2.838074922561645508e+00,-1.061270618438720703e+01,-5.280587196350097656e+00,-6.931139469146728516e+00,-6.912390232086181641e+00,-4.724328517913818359e+00,-1.495371699333190918e+00,-2.559496462345123291e-01,-7.012811660766601562e+00,-8.716939926147460938e+00,4.541494250297546387e-01,nan,nan,nan,nan,nan,nan,nan,5.778766155242919922e+00,nan,nan,nan,nan,nan,nan,nan,nan,nan,nan,nan,nan,nan,nan,nan,nan,nan,nan,nan,nan,nan,nan,nan,nan,nan,nan,nan,nan,nan,nan,nan,nan,nan,nan,nan,nan,nan,nan,nan,nan,nan,nan,nan,nan,nan,nan,nan,nan,nan,nan,nan,nan,nan,nan,nan,nan,nan
nan,nan,nan,nan,nan,nan,nan,nan,nan,nan,nan,nan,nan,nan,nan,nan,nan,nan,nan,nan,nan,nan,nan,nan,nan,nan,nan,nan,nan,nan,-6.621822357177734375e+00,-1.462100887298583984e+01,-1.683382225036621094e+01,-1.307900714874267578e+01,-1.527442932128906250e+01,-1.681429481506347656e+01,-1.298474311828613281e+01,-8.497311592102050781e+00,-5.144539833068847656e+00,-8.463390350341796875e+00,-2.192283058166503906e+01,-1.304987716674804688e+01,-5.703464031219482422e+00,-8.083119392395019531e+00,-8.815075874328613281e+00,-8.402570724487304688e+00,-7.498260498046875000e+00,-8.072851181030273438e+00,-6.563714504241943359e+00,-6.777049064636230469e+00,nan,nan,-1.809272885322570801e+00,-3.450103044509887695e+00,-3.507187366485595703e+00,8.080168962478637695e-01,1.288316130638122559e+00,-1.479730367660522461e+00,-2.865071058273315430e+00,2.861827135086059570e+00,3.759396076202392578e+00,nan,nan,nan,nan,nan,nan,7.184806823730468750e+00,5.514931678771972656e+00,nan,nan,nan,nan,nan,nan,nan,nan,nan,nan,nan,nan,nan,nan,nan,nan,nan,nan,nan,nan,nan,nan,nan,nan,nan,nan,nan,nan,nan,nan,nan,nan,nan,nan,nan,nan,nan,nan,nan,nan,nan,nan,nan,nan,nan,nan,nan,nan,nan,nan,nan,nan,nan,nan,nan,nan
nan,nan,nan,nan,nan,nan,nan,nan,nan,nan,nan,nan,nan,nan,nan,nan,nan,nan,nan,nan,nan,nan,nan,nan,nan,nan,nan,nan,nan,-1.592534923553466797e+01,-1.051980590820312500e+01,-1.640873718261718750e+01,-1.447778987884521484e+01,-1.202362728118896484e+01,-1.196133327484130859e+01,-1.234612369537353516e+01,-8.466916084289550781e+00,-4.684265136718750000e+00,-4.779355049133300781e+00,-6.169372558593750000e+00,-6.283420562744140625e+00,1.075004711747169495e-01,-2.144591808319091797e+00,-5.553966522216796875e+00,-6.310976982116699219e+00,-3.389613866806030273e+00,-1.253285706043243408e-01,-1.941346168518066406e+00,-2.208010196685791016e+00,-1.622849345207214355e+00,nan,2.736049175262451172e+00,3.476394712924957275e-01,1.440409183502197266e+00,2.192967653274536133e+00,1.667026877403259277e+00,1.192375779151916504e+00,1.323945999145507812e+00,6.725089550018310547e-01,6.741079092025756836e-01,-3.649271249771118164e+00,nan,nan,nan,nan,nan,1.064170169830322266e+01,9.362061500549316406e+00,nan,nan,nan,nan,nan,nan,nan,nan,nan,nan,nan,nan,nan,nan,nan,nan,nan,nan,nan,nan,nan,nan,nan,nan,nan,nan,nan,nan,nan,nan,nan,nan,nan,nan,nan,nan,nan,nan,nan,nan,nan,nan,nan,nan,nan,nan,nan,nan,nan,nan,nan,nan,nan,nan,nan,nan,nan
nan,nan,nan,nan,nan,nan,nan,nan,nan,nan,nan,nan,nan,nan,nan,nan,nan,nan,nan,nan,nan,nan,nan,nan,nan,nan,nan,nan,nan,-1.778611564636230469e+01,-2.501881027221679688e+01,-2.168456840515136719e+01,-1.387615871429443359e+01,-1.499371528625488281e+01,-1.590554714202880859e+01,-1.383835315704345703e+01,-4.955451965332031250e+00,-7.952011585235595703e+00,-1.099623870849609375e+01,-4.217461585998535156e+00,-2.344326257705688477e+00,4.153813794255256653e-02,-5.420818924903869629e-01,-3.991730451583862305e+00,-2.285932064056396484e+00,1.393273234367370605e+00,4.154468476772308350e-01,5.607000589370727539e-01,8.693656325340270996e-01,1.805947184562683105e+00,3.372006177902221680e+00,4.655402660369873047e+00,3.781689405441284180e+00,5.692666053771972656e+00,5.425444126129150391e+00,3.838018178939819336e-01,3.128781080245971680e+00,2.654485225677490234e+00,1.794339537620544434e+00,5.115005016326904297e+00,9.756300926208496094e+00,1.091956520080566406e+01,1.229229354858398438e+01,1.347238826751708984e+01,1.389567852020263672e+01,1.394530677795410156e+01,1.349910163879394531e+01,nan,nan,nan,nan,nan,nan,nan,nan,nan,nan,nan,nan,nan,nan,nan,nan,nan,nan,nan,nan,nan,nan,nan,nan,nan,nan,nan,nan,nan,nan,nan,nan,nan,nan,nan,nan,nan,nan,nan,nan,nan,nan,nan,nan,nan,nan,nan,nan,nan,nan,nan,nan,nan,nan,nan,nan,nan,nan
nan,nan,nan,nan,nan,nan,nan,nan,nan,nan,nan,nan,nan,nan,nan,nan,nan,nan,nan,nan,nan,nan,nan,nan,nan,nan,nan,nan,-2.117324256896972656e+01,-2.673320960998535156e+01,-2.737403678894042969e+01,-2.710756301879882812e+01,-2.443115425109863281e+01,-1.965178489685058594e+01,-2.072677993774414062e+01,-2.026293945312500000e+01,-1.169722747802734375e+01,-8.588876724243164062e+00,-1.107178783416748047e+01,-8.980923652648925781e+00,-2.550130367279052734e+00,8.902322649955749512e-01,3.181214630603790283e-01,-1.458097100257873535e+00,2.037971653044223785e-02,4.026283740997314453e+00,2.942649126052856445e+00,3.690757274627685547e+00,4.075302124023437500e+00,4.002475738525390625e+00,4.955817699432373047e+00,7.189439773559570312e+00,7.025074005126953125e+00,8.202240943908691406e+00,9.527341842651367188e+00,9.295195579528808594e+00,5.209733486175537109e+00,7.506290435791015625e+00,7.527319431304931641e+00,9.064777374267578125e+00,1.232835388183593750e+01,7.376109600067138672e+00,1.030366516113281250e+01,9.392944335937500000e+00,8.313760757446289062e+00,1.807857990264892578e+00,1.690027236938476562e+01,nan,nan,nan,nan,nan,nan,nan,nan,nan,nan,nan,nan,nan,nan,nan,nan,nan,nan,nan,nan,nan,nan,nan,nan,nan,nan,nan,nan,nan,nan,nan,nan,nan,nan,nan,nan,nan,nan,nan,nan,nan,nan,nan,nan,nan,nan,nan,nan,nan,nan,nan,nan,nan,nan,nan,nan,nan,nan
nan,nan,nan,nan,nan,nan,nan,nan,nan,nan,nan,nan,nan,nan,nan,nan,nan,nan,nan,nan,nan,nan,nan,nan,nan,nan,nan,nan,-2.410723495483398438e+01,-2.335280227661132812e+01,-2.266175079345703125e+01,-2.179920196533203125e+01,-2.066166496276855469e+01,-1.936575698852539062e+01,-2.456943321228027344e+01,-2.008621597290039062e+01,-1.206873703002929688e+01,-9.755233764648437500e+00,-1.120717525482177734e+01,-1.151313114166259766e+01,-5.231754302978515625e+00,-1.540000289678573608e-01,4.465754926204681396e-01,4.831308841705322266e+00,5.618425846099853516e+00,7.838821411132812500e+00,1.501595115661621094e+01,1.566130447387695312e+01,1.530109024047851562e+01,1.121892070770263672e+01,1.250165176391601562e+01,1.228473567962646484e+01,1.161874961853027344e+01,1.101426506042480469e+01,1.071248722076416016e+01,1.156087589263916016e+01,1.277426052093505859e+01,1.293460845947265625e+01,9.840699195861816406e+00,1.076800251007080078e+01,1.665245819091796875e+01,1.778625297546386719e+01,1.672592926025390625e+01,1.577932167053222656e+01,1.118008708953857422e+01,3.948347806930541992e+00,nan,nan,nan,nan,nan,nan,nan,nan,nan,nan,nan,nan,nan,nan,nan,nan,nan,nan,nan,nan,nan,nan,nan,nan,nan,nan,nan,nan,nan,nan,-3.538421630859375000e+00,nan,nan,nan,nan,nan,nan,nan,nan,nan,nan,nan,nan,nan,nan,nan,nan,nan,nan,nan,nan,nan,nan,nan,nan,nan,nan,nan,nan
nan,nan,nan,nan,nan,nan,nan,nan,nan,nan,nan,nan,nan,nan,nan,nan,nan,nan,nan,nan,nan,nan,nan,nan,nan,nan,nan,nan,-2.762018394470214844e+01,-2.715077972412109375e+01,nan,-2.527588844299316406e+01,nan,nan,-2.035519409179687500e+01,-1.788069534301757812e+01,-1.592276287078857422e+01,-2.218463516235351562e+01,-1.447105503082275391e+01,-1.121549606323242188e+01,-8.738557815551757812e+00,-5.129823684692382812e+00,-2.707352936267852783e-01,7.701872825622558594e+00,1.340785598754882812e+01,1.724363708496093750e+01,1.929202461242675781e+01,1.932058715820312500e+01,1.907404327392578125e+01,1.751788139343261719e+01,1.671482276916503906e+01,1.550359916687011719e+01,1.497652053833007812e+01,1.613095283508300781e+01,1.437701606750488281e+01,1.346518421173095703e+01,1.572844886779785156e+01,1.639316940307617188e+01,2.183724594116210938e+01,1.974590110778808594e+01,2.008932685852050781e+01,2.014002799987792969e+01,2.096283149719238281e+01,2.369660377502441406e+01,1.933282470703125000e+01,2.353742980957031250e+01,2.500018310546875000e+01,nan,nan,nan,nan,nan,nan,nan,nan,nan,nan,nan,nan,nan,nan,nan,nan,nan,nan,nan,nan,nan,nan,nan,nan,-3.538421630859375000e+00,nan,nan,nan,nan,nan,nan,nan,nan,nan,nan,nan,nan,nan,nan,nan,nan,nan,nan,nan,nan,nan,nan,nan,nan,nan,nan,nan,nan,nan,nan,nan,nan,nan
nan,nan,nan,nan,nan,nan,nan,nan,nan,nan,nan,nan,nan,nan,nan,nan,nan,nan,nan,nan,nan,nan,nan,nan,nan,nan,nan,nan,nan,-3.073668670654296875e+01,-3.018094444274902344e+01,-3.122830581665039062e+01,-2.760340118408203125e+01,-2.561968803405761719e+01,nan,-2.098795509338378906e+01,-3.010879898071289062e+01,-2.463095283508300781e+01,-1.403121185302734375e+01,-1.059693241119384766e+01,-6.466615676879882812e+00,-2.092031002044677734e+00,2.852618694305419922e+00,9.226377487182617188e+00,1.059552669525146484e+01,6.335218429565429688e+00,nan,1.050949954986572266e+01,2.373323631286621094e+01,2.381184387207031250e+01,2.220985221862792969e+01,2.065652847290039062e+01,2.459968185424804688e+01,2.787224197387695312e+01,2.204642868041992188e+01,1.713722229003906250e+01,2.055001640319824219e+01,2.473849296569824219e+01,3.017933082580566406e+01,2.495052528381347656e+01,2.602055740356445312e+01,2.203100013732910156e+01,2.747370147705078125e+01,3.015659713745117188e+01,2.740295791625976562e+01,1.982906913757324219e+01,2.945515441894531250e+01,nan,nan,nan,nan,nan,nan,nan,nan,nan,nan,nan,nan,nan,nan,nan,nan,nan,nan,nan,nan,nan,nan,nan,nan,-2.501740932464599609e+00,-3.538421630859375000e+00,-3.538421630859375000e+00,-3.538421630859375000e+00,nan,nan,nan,nan,nan,nan,nan,nan,nan,nan,nan,nan,nan,nan,nan,nan,nan,nan,nan,nan,nan,nan,nan,nan,nan,nan,nan,nan,nan,nan
nan,nan,nan,nan,nan,nan,nan,nan,nan,nan,nan,nan,nan,nan,nan,nan,nan,nan,nan,nan,nan,nan,nan,nan,nan,nan,nan,nan,nan,nan,-2.986490440368652344e+01,-3.089898109436035156e+01,-2.990716171264648438e+01,-2.865795326232910156e+01,-2.626141929626464844e+01,-2.350982475280761719e+01,-2.142346763610839844e+01,-1.882136344909667969e+01,-2.002706909179687500e+01,-1.837734985351562500e+01,-8.212690353393554688e+00,-6.096964836120605469e+00,-2.719028472900390625e+00,4.672745704650878906e+00,8.036725044250488281e+00,6.753928661346435547e+00,nan,1.157792472839355469e+01,nan,nan,1.965395355224609375e+01,2.184803581237792969e+01,3.241352081298828125e+01,3.451451110839843750e+01,3.936755752563476562e+01,4.502416992187500000e+01,4.094329071044921875e+01,3.431383895874023438e+01,3.441496276855468750e+01,2.839313888549804688e+01,2.533999443054199219e+01,2.130979728698730469e+01,2.827981185913085938e+01,3.183505439758300781e+01,3.616943740844726562e+01,3.896137619018554688e+01,3.343456649780273438e+01,3.576476287841796875e+01,3.802792739868164062e+01,nan,nan,nan,nan,nan,nan,nan,nan,nan,nan,nan,nan,nan,nan,nan,nan,nan,nan,nan,nan,nan,nan,-2.395328044891357422e+00,-3.538421630859375000e+00,nan,nan,nan,nan,nan,nan,nan,nan,nan,nan,nan,nan,nan,nan,nan,nan,nan,nan,nan,nan,nan,nan,nan,nan,nan,nan,nan,nan,nan,nan,nan,nan
nan,nan,nan,nan,nan,nan,nan,nan,nan,nan,nan,nan,nan,nan,nan,nan,nan,nan,nan,nan,nan,nan,nan,nan,nan,nan,nan,nan,nan,nan,-3.660757064819335938e+01,-3.514977264404296875e+01,-3.521492385864257812e+01,-3.564875411987304688e+01,-2.829949760437011719e+01,nan,-2.214783287048339844e+01,-2.021428871154785156e+01,-2.138068962097167969e+01,-2.052544593811035156e+01,-1.293358325958251953e+01,-9.074139595031738281e+00,-5.715120315551757812e+00,-1.578638792037963867e+00,3.432551622390747070e+00,6.357047557830810547e+00,nan,nan,nan,nan,1.984419441223144531e+01,nan,3.190744781494140625e+01,2.744933128356933594e+01,2.985060119628906250e+01,4.907038116455078125e+01,4.644256210327148438e+01,4.368785095214843750e+01,4.326362228393554688e+01,4.609985733032226562e+01,3.151841926574707031e+01,nan,nan,3.170122909545898438e+01,4.172689819335937500e+01,3.571468353271484375e+01,3.786956024169921875e+01,4.133536148071289062e+01,3.962910079956054688e+01,4.183594131469726562e+01,4.234064483642578125e+01,4.139833831787109375e+01,3.986832809448242188e+01,3.776722717285156250e+01,nan,nan,nan,nan,nan,nan,nan,2.041367340087890625e+01,nan,nan,nan,nan,nan,nan,nan,1.271542072296142578e+00,-8.822133541107177734e-01,-2.144484043121337891e+00,nan,nan,nan,nan,nan,nan,nan,nan,nan,nan,nan,nan,nan,nan,nan,nan,nan,nan,nan,nan,nan,nan,nan,nan,nan,nan,nan,nan,nan,nan,nan,nan,nan
nan,nan,nan,nan,nan,nan,nan,nan,nan,nan,nan,nan,nan,nan,nan,nan,nan,nan,nan,nan,nan,nan,nan,nan,nan,nan,nan,nan,nan,nan,-3.517578125000000000e+01,-4.080301666259765625e+01,-3.851848602294921875e+01,-3.769177627563476562e+01,-2.998838233947753906e+01,-2.724737358093261719e+01,-2.356442451477050781e+01,-2.116879463195800781e+01,-2.117288017272949219e+01,-1.844557571411132812e+01,-1.413321971893310547e+01,-8.401909828186035156e+00,nan,-2.166480302810668945e+00,1.091056346893310547e+00,3.048279047012329102e+00,5.819244384765625000e+00,7.028715610504150391e+00,1.035579204559326172e+01,nan,nan,nan,3.371965789794921875e+01,4.455713653564453125e+01,5.003046035766601562e+01,5.026773071289062500e+01,5.144251251220703125e+01,4.716183853149414062e+01,4.592070007324218750e+01,3.492720031738281250e+01,3.455374526977539062e+01,nan,nan,nan,4.613261795043945312e+01,4.015179061889648438e+01,3.998707199096679688e+01,3.973571777343750000e+01,4.255978393554687500e+01,4.257293319702148438e+01,4.243603897094726562e+01,4.168209075927734375e+01,4.027370834350585938e+01,1.596896934509277344e+01,3.582238388061523438e+01,3.391400146484375000e+01,3.147833251953125000e+01,2.892841529846191406e+01,2.755417442321777344e+01,2.571423149108886719e+01,1.404040694236755371e+00,1.029149413108825684e+00,1.994650840759277344e+01,nan,nan,nan,nan,8.029115676879882812e+00,4.627704620361328125e+00,nan,-6.431012749671936035e-01,nan,nan,nan,nan,nan,nan,nan,nan,nan,nan,nan,nan,nan,nan,nan,nan,nan,nan,nan,nan,nan,nan,nan,nan,nan,nan,nan,nan,nan,nan,nan,nan,nan,nan
nan,nan,nan,nan,nan,nan,nan,nan,nan,nan,nan,nan,nan,nan,nan,nan,nan,nan,nan,nan,nan,nan,nan,nan,nan,nan,nan,nan,nan,nan,-3.533051300048828125e+01,-3.527629852294921875e+01,-3.834360504150390625e+01,-4.354016494750976562e+01,-3.174488830566406250e+01,-2.850801467895507812e+01,nan,nan,-1.759583663940429688e+01,-1.470961380004882812e+01,-1.983789443969726562e+01,-9.779408454895019531e+00,nan,nan,nan,-1.248297020792961121e-01,-3.411033630371093750e+00,nan,nan,8.849452018737792969e+00,1.264130687713623047e+01,1.622730064392089844e+01,2.984650611877441406e+01,3.227195739746093750e+01,3.287925720214843750e+01,3.036375617980957031e+01,5.031621551513671875e+01,4.706776046752929688e+01,4.494184112548828125e+01,4.491421127319335938e+01,3.567016601562500000e+01,nan,nan,nan,3.903358840942382812e+01,4.573843765258789062e+01,4.401882934570312500e+01,4.366935729980468750e+01,4.499881744384765625e+01,4.608897781372070312e+01,4.444304275512695312e+01,4.193645858764648438e+01,4.056950378417968750e+01,3.801543045043945312e+01,4.412171936035156250e+01,4.274809646606445312e+01,3.392685699462890625e+01,3.392955017089843750e+01,3.449129104614257812e+01,2.934399604797363281e+01,2.104726409912109375e+01,4.143280982971191406e+00,2.103086471557617188e+01,nan,nan,1.428330516815185547e+01,3.018411397933959961e+00,1.935911536216735840e+00,nan,nan,-4.841429591178894043e-01,nan,nan,nan,nan,nan,nan,nan,nan,nan,nan,nan,nan,nan,nan,nan,nan,nan,nan,nan,nan,nan,nan,nan,nan,nan,nan,nan,nan,nan,nan,nan,nan,nan,nan
nan,nan,nan,nan,nan,nan,nan,nan,nan,nan,nan,nan,nan,nan,nan,nan,nan,nan,nan,nan,nan,nan,nan,nan,nan,nan,nan,nan,nan,nan,nan,nan,-3.746055603027343750e+01,-3.328817367553710938e+01,-3.061591148376464844e+01,-2.945200157165527344e+01,nan,nan,nan,nan,-1.389055538177490234e+01,-1.154083251953125000e+01,nan,nan,nan,-3.589745044708251953e+00,nan,nan,6.915988326072692871e-01,5.310818195343017578e+00,8.225200653076171875e+00,1.141198921203613281e+01,1.664133071899414062e+01,2.647751998901367188e+01,2.792544364929199219e+01,2.826587295532226562e+01,3.054607582092285156e+01,3.776062774658203125e+01,4.231201934814453125e+01,4.050437545776367188e+01,3.653352355957031250e+01,nan,nan,nan,4.084851074218750000e+01,4.334720230102539062e+01,4.478334426879882812e+01,4.706081390380859375e+01,4.504286956787109375e+01,4.686367416381835938e+01,4.405090332031250000e+01,4.435154724121093750e+01,4.084397888183593750e+01,3.801354598999023438e+01,3.083227539062500000e+01,3.408361053466796875e+01,3.792967605590820312e+01,3.842146301269531250e+01,4.099161911010742188e+01,2.767943572998046875e+01,2.610248947143554688e+01,2.277431488037109375e+01,2.224904823303222656e+01,1.950313377380371094e+01,1.742824554443359375e+01,6.814125061035156250e+00,1.303159427642822266e+01,-3.745010375976562500e+00,6.304007530212402344e+00,nan,nan,nan,nan,nan,nan,nan,nan,nan,nan,nan,nan,nan,nan,nan,nan,nan,nan,nan,nan,nan,nan,nan,nan,nan,nan,nan,nan,nan,nan,nan,nan,nan,nan,nan,nan
nan,nan,nan,nan,nan,nan,nan,nan,nan,nan,nan,nan,nan,nan,nan,nan,nan,nan,nan,nan,nan,nan,nan,nan,nan,nan,nan,nan,nan,nan,nan,-3.596717834472656250e+01,-3.532125473022460938e+01,-3.409030914306640625e+01,-2.390174484252929688e+01,-3.071410560607910156e+01,nan,nan,nan,nan,nan,nan,nan,nan,nan,-5.813348770141601562e+00,-5.568857192993164062e+00,-4.695396423339843750e+00,-5.567704200744628906e+00,-7.822628974914550781e+00,-2.174218893051147461e+00,3.611582517623901367e+00,4.577535152435302734e+00,3.743007659912109375e+00,2.110651016235351562e+01,2.304722023010253906e+01,2.298475646972656250e+01,3.624930572509765625e+01,3.117480850219726562e+01,3.315671539306640625e+01,3.586809539794921875e+01,nan,nan,nan,4.183116912841796875e+01,4.027259445190429688e+01,4.454141998291015625e+01,4.489064407348632812e+01,4.892803955078125000e+01,5.307419586181640625e+01,4.507882308959960938e+01,3.651654815673828125e+01,nan,nan,3.478076934814453125e+01,3.251631164550781250e+01,3.063195419311523438e+01,3.029598617553710938e+01,2.808392333984375000e+01,2.739192390441894531e+01,2.288130187988281250e+01,2.464208221435546875e+01,2.201096725463867188e+01,2.282264709472656250e+01,1.970293807983398438e+01,1.122255229949951172e+01,1.388955020904541016e+01,1.047110843658447266e+01,nan,nan,nan,nan,nan,nan,nan,nan,nan,nan,nan,nan,nan,nan,nan,nan,nan,nan,nan,nan,nan,nan,nan,nan,nan,nan,nan,nan,nan,nan,nan,nan,nan,nan,nan,nan,nan
nan,nan,nan,nan,nan,nan,nan,nan,nan,nan,nan,nan,nan,nan,nan,nan,nan,nan,nan,nan,nan,nan,nan,nan,nan,nan,nan,nan,nan,nan,nan,nan,nan,nan,-3.326672363281250000e+01,-3.184248352050781250e+01,nan,nan,nan,nan,nan,nan,nan,nan,nan,nan,nan,-5.801837921142578125e+00,-1.273675155639648438e+01,-1.299497604370117188e+01,-9.699485778808593750e+00,-4.650155067443847656e+00,-3.829721450805664062e+00,1.370890974998474121e+00,1.117523312568664551e+00,-1.346507906913757324e+00,2.269160270690917969e+01,1.325930786132812500e+01,1.614654922485351562e+01,2.889918708801269531e+01,3.244319915771484375e+01,3.597336959838867188e+01,3.957225799560546875e+01,4.085455322265625000e+01,3.775916290283203125e+01,3.682550811767578125e+01,3.682326889038085938e+01,3.862047195434570312e+01,4.738898086547851562e+01,4.858851623535156250e+01,3.280033111572265625e+01,4.256887435913085938e+01,4.133810424804687500e+01,3.795738601684570312e+01,nan,nan,nan,3.023045158386230469e+01,2.663576889038085938e+01,2.764957046508789062e+01,2.500896263122558594e+01,2.909317016601562500e+01,2.721574783325195312e+01,3.003142738342285156e+01,2.330006790161132812e+01,1.713344573974609375e+01,nan,1.134987735748291016e+01,nan,nan,nan,nan,nan,nan,nan,nan,nan,nan,nan,nan,nan,nan,nan,nan,nan,nan,nan,nan,nan,nan,nan,nan,nan,nan,nan,nan,nan,nan,nan,nan,nan,nan,nan,nan,nan
nan,nan,nan,nan,nan,nan,nan,nan,nan,nan,nan,nan,nan,nan,nan,nan,nan,nan,nan,nan,nan,nan,nan,nan,nan,nan,nan,nan,nan,nan,nan,nan,nan,nan,nan,nan,nan,nan,nan,nan,nan,nan,nan,nan,nan,nan,nan,-6.870310783386230469e+00,-1.567125034332275391e+01,-1.622488403320312500e+01,nan,nan,4.348502635955810547e+00,8.368455886840820312e+00,-2.408000469207763672e+00,9.999845027923583984e-01,-2.175078392028808594e+00,3.885906934738159180e+00,2.150413703918457031e+01,2.414470863342285156e+01,nan,nan,nan,4.021350860595703125e+01,4.105194091796875000e+01,4.211353302001953125e+01,2.909589576721191406e+01,4.267778778076171875e+01,4.296490097045898438e+01,4.328420639038085938e+01,4.329878616333007812e+01,4.333020401000976562e+01,4.229251098632812500e+01,3.841460037231445312e+01,nan,nan,3.043760681152343750e+01,2.816213417053222656e+01,2.296738052368164062e+01,2.503425025939941406e+01,3.010964012145996094e+01,2.737891006469726562e+01,1.807251358032226562e+01,2.238108253479003906e+01,nan,nan,nan,nan,nan,nan,nan,nan,nan,nan,nan,nan,nan,nan,nan,nan,nan,nan,nan,nan,nan,nan,nan,nan,nan,nan,nan,nan,nan,nan,nan,nan,nan,nan,nan,nan,nan,nan,nan,nan,nan
nan,nan,nan,nan,nan,nan,nan,nan,nan,nan,nan,nan,nan,nan,nan,nan,nan,nan,nan,nan,nan,nan,nan,nan,nan,nan,nan,nan,nan,nan,nan,nan,nan,nan,nan,nan,nan,nan,nan,nan,nan,nan,nan,nan,nan,nan,nan,nan,-6.135434150695800781e+00,-4.264972209930419922e+00,nan,nan,nan,4.590099811553955078e+00,7.812474250793457031e+00,1.008650779724121094e+01,1.185942173004150391e+01,1.366387939453125000e+01,1.536465835571289062e+01,nan,nan,nan,nan,nan,nan,nan,nan,nan,nan,nan,nan,nan,nan,3.738733291625976562e+01,3.249906921386718750e+01,3.029767227172851562e+01,2.926891899108886719e+01,3.036314392089843750e+01,2.550201034545898438e+01,3.112651634216308594e+01,3.183242797851562500e+01,1.943210411071777344e+01,2.491995811462402344e+01,2.367016983032226562e+01,nan,nan,nan,nan,nan,nan,nan,nan,nan,nan,nan,nan,nan,nan,nan,nan,nan,nan,nan,nan,nan,nan,nan,nan,nan,nan,nan,nan,nan,nan,nan,nan,nan,nan,nan,nan,nan,nan,nan,nan,nan
nan,nan,nan,nan,nan,nan,nan,nan,nan,nan,nan,nan,nan,nan,nan,nan,nan,nan,nan,nan,nan,nan,nan,nan,nan,nan,nan,nan,nan,nan,nan,nan,nan,nan,nan,nan,nan,nan,nan,nan,nan,nan,nan,nan,nan,nan,nan,nan,nan,nan,nan,nan,nan,nan,nan,5.677685260772705078e+00,nan,nan,nan,nan,nan,nan,nan,nan,nan,nan,nan,nan,nan,nan,nan,nan,nan,nan,2.983855628967285156e+01,2.818678474426269531e+01,2.788943099975585938e+01,2.747472572326660156e+01,2.700775909423828125e+01,2.680482101440429688e+01,2.642777442932128906e+01,2.592444229125976562e+01,2.522186279296875000e+01,nan,nan,nan,nan,nan,nan,nan,nan,nan,nan,nan,nan,nan,nan,nan,nan,nan,nan,nan,nan,nan,nan,nan,nan,nan,nan,nan,nan,nan,nan,nan,nan,nan,nan,nan,nan,nan,nan,nan,nan,nan,nan
nan,nan,nan,nan,nan,nan,nan,nan,nan,nan,nan,nan,nan,nan,nan,nan,nan,nan,nan,nan,nan,nan,nan,nan,nan,nan,nan,nan,nan,nan,nan,nan,nan,nan,nan,nan,nan,nan,nan,nan,nan,nan,nan,nan,nan,nan,nan,nan,nan,nan,nan,nan,nan,nan,nan,nan,nan,nan,nan,nan,nan,nan,nan,nan,nan,nan,nan,nan,nan,nan,nan,nan,nan,nan,nan,nan,nan,nan,nan,nan,nan,2.659090423583984375e+01,nan,nan,nan,nan,nan,nan,nan,nan,nan,nan,nan,nan,nan,nan,nan,nan,nan,nan,nan,nan,nan,nan,nan,nan,nan,nan,nan,nan,nan,nan,nan,nan,nan,nan,nan,nan,nan,nan,nan,nan,nan,nan,nan
nan,nan,nan,nan,nan,nan,nan,nan,nan,nan,nan,nan,nan,nan,nan,nan,nan,nan,nan,nan,nan,nan,nan,nan,nan,nan,nan,nan,nan,nan,nan,nan,nan,nan,nan,nan,nan,nan,nan,nan,nan,nan,nan,nan,nan,nan,nan,nan,nan,nan,nan,nan,nan,nan,nan,nan,nan,nan,nan,nan,nan,nan,nan,nan,nan,nan,nan,nan,nan,nan,nan,nan,nan,nan,nan,nan,nan,nan,nan,nan,nan,nan,nan,nan,nan,nan,nan,nan,nan,nan,nan,nan,nan,nan,nan,nan,nan,nan,nan,nan,nan,nan,nan,nan,nan,nan,nan,nan,nan,nan,nan,nan,nan,nan,nan,nan,nan,nan,nan,nan,nan,nan,nan,nan,nan
nan,nan,nan,nan,nan,nan,nan,nan,nan,nan,nan,nan,nan,nan,nan,nan,nan,nan,nan,nan,nan,nan,nan,nan,nan,nan,nan,nan,nan,nan,nan,nan,nan,nan,nan,nan,nan,nan,nan,nan,nan,nan,nan,nan,nan,nan,nan,nan,nan,nan,nan,nan,nan,nan,nan,nan,nan,nan,nan,nan,nan,nan,nan,nan,nan,nan,nan,nan,nan,nan,nan,nan,nan,nan,nan,nan,nan,nan,nan,nan,nan,nan,nan,nan,nan,nan,nan,nan,nan,nan,nan,nan,nan,nan,nan,nan,nan,nan,nan,nan,nan,nan,nan,nan,nan,nan,nan,nan,nan,nan,nan,nan,nan,nan,nan,nan,nan,nan,nan,nan,nan,nan,nan,nan,nan
nan,nan,nan,nan,nan,nan,nan,nan,nan,nan,nan,nan,nan,nan,nan,nan,nan,nan,nan,nan,nan,nan,nan,nan,nan,nan,nan,nan,nan,nan,nan,nan,nan,nan,nan,nan,nan,nan,nan,nan,nan,nan,nan,nan,nan,nan,nan,nan,nan,nan,nan,nan,nan,nan,nan,nan,nan,nan,nan,nan,nan,nan,nan,nan,nan,nan,nan,nan,nan,nan,nan,nan,nan,nan,nan,nan,nan,nan,nan,nan,nan,nan,nan,nan,nan,nan,nan,nan,nan,nan,nan,nan,nan,nan,nan,nan,nan,nan,nan,nan,nan,nan,nan,nan,nan,nan,nan,nan,nan,nan,nan,nan,nan,nan,nan,nan,nan,nan,nan,nan,nan,nan,nan,nan,nan
nan,nan,nan,nan,nan,nan,nan,nan,nan,nan,nan,nan,nan,nan,nan,nan,nan,nan,nan,nan,nan,nan,nan,nan,nan,nan,nan,nan,nan,nan,nan,nan,nan,nan,nan,nan,nan,nan,nan,nan,nan,nan,nan,nan,nan,nan,nan,nan,nan,nan,nan,nan,nan,nan,nan,nan,nan,nan,nan,nan,nan,nan,nan,nan,nan,nan,nan,nan,nan,nan,nan,nan,nan,nan,nan,nan,nan,nan,nan,nan,nan,nan,nan,nan,nan,nan,nan,nan,nan,nan,nan,nan,nan,nan,nan,nan,nan,nan,nan,nan,nan,nan,nan,nan,nan,nan,nan,nan,nan,nan,nan,nan,nan,nan,nan,nan,nan,nan,nan,nan,nan,nan,nan,nan,nan
nan,nan,nan,nan,nan,nan,nan,nan,nan,nan,nan,nan,nan,nan,nan,nan,nan,nan,nan,nan,nan,nan,nan,nan,nan,nan,nan,nan,nan,nan,nan,nan,nan,nan,nan,nan,nan,nan,nan,nan,nan,nan,nan,nan,nan,nan,nan,nan,nan,nan,nan,nan,nan,nan,nan,nan,nan,nan,nan,nan,nan,nan,nan,nan,nan,nan,nan,nan,nan,nan,nan,nan,nan,nan,nan,nan,nan,nan,nan,nan,nan,nan,nan,nan,nan,nan,nan,nan,nan,nan,nan,nan,nan,nan,nan,nan,nan,nan,nan,nan,nan,nan,nan,nan,nan,nan,nan,nan,nan,nan,nan,nan,nan,nan,nan,nan,nan,nan,nan,nan,nan,nan,nan,nan,nan
nan,nan,nan,nan,nan,nan,nan,nan,nan,nan,nan,nan,nan,nan,nan,nan,nan,nan,nan,nan,nan,nan,nan,nan,nan,nan,nan,nan,nan,nan,nan,nan,nan,nan,nan,nan,nan,nan,nan,nan,nan,nan,nan,nan,nan,nan,nan,nan,nan,nan,nan,nan,nan,nan,nan,nan,nan,nan,nan,nan,nan,nan,nan,nan,nan,nan,nan,nan,nan,nan,nan,nan,nan,nan,nan,nan,nan,nan,nan,nan,nan,nan,nan,nan,nan,nan,nan,nan,nan,nan,nan,nan,nan,nan,nan,nan,nan,nan,nan,nan,nan,nan,nan,nan,nan,nan,nan,nan,nan,nan,nan,nan,nan,nan,nan,nan,nan,nan,nan,nan,nan,nan,nan,nan,nan
nan,nan,nan,nan,nan,nan,nan,nan,nan,nan,nan,nan,nan,nan,nan,nan,nan,nan,nan,nan,nan,nan,nan,nan,nan,nan,nan,nan,nan,nan,nan,nan,nan,nan,nan,nan,nan,nan,nan,nan,nan,nan,nan,nan,nan,nan,nan,nan,nan,nan,nan,nan,nan,nan,nan,nan,nan,nan,nan,nan,nan,nan,nan,nan,nan,nan,nan,nan,nan,nan,nan,nan,nan,nan,nan,nan,nan,nan,nan,nan,nan,nan,nan,nan,nan,nan,nan,nan,nan,nan,nan,nan,nan,nan,nan,nan,nan,nan,nan,nan,nan,nan,nan,nan,nan,nan,nan,nan,nan,nan,nan,nan,nan,nan,nan,nan,nan,nan,nan,nan,nan,nan,nan,nan,nan
nan,nan,nan,nan,nan,nan,nan,nan,nan,nan,nan,nan,nan,nan,nan,nan,nan,nan,nan,nan,nan,nan,nan,nan,nan,nan,nan,nan,nan,nan,nan,nan,nan,nan,nan,nan,nan,nan,nan,nan,nan,nan,nan,nan,nan,nan,nan,nan,nan,nan,nan,nan,nan,nan,nan,nan,nan,nan,nan,nan,nan,nan,nan,nan,nan,nan,nan,nan,nan,nan,nan,nan,nan,nan,nan,nan,nan,nan,nan,nan,nan,nan,nan,nan,nan,nan,nan,nan,nan,nan,nan,nan,nan,nan,nan,nan,nan,nan,nan,nan,nan,nan,nan,nan,nan,nan,nan,nan,nan,nan,nan,nan,nan,nan,nan,nan,nan,nan,nan,nan,nan,nan,nan,nan,nan
nan,nan,nan,nan,nan,nan,nan,nan,nan,nan,nan,nan,nan,nan,nan,nan,nan,nan,nan,nan,nan,nan,nan,nan,nan,nan,nan,nan,nan,nan,nan,nan,nan,nan,nan,nan,nan,nan,nan,nan,nan,nan,nan,nan,nan,nan,nan,nan,nan,nan,nan,nan,nan,nan,nan,nan,nan,nan,nan,nan,nan,nan,nan,nan,nan,nan,nan,nan,nan,nan,nan,nan,nan,nan,nan,nan,nan,nan,nan,nan,nan,nan,nan,nan,nan,nan,nan,nan,nan,nan,nan,nan,nan,nan,nan,nan,nan,nan,nan,nan,nan,nan,nan,nan,nan,nan,nan,nan,nan,nan,nan,nan,nan,nan,nan,nan,nan,nan,nan,nan,nan,nan,nan,nan,nan
nan,nan,nan,nan,nan,nan,nan,nan,nan,nan,nan,nan,nan,nan,nan,nan,nan,nan,nan,nan,nan,nan,nan,nan,nan,nan,nan,nan,nan,nan,nan,nan,nan,nan,nan,nan,nan,nan,nan,nan,nan,nan,nan,nan,nan,nan,nan,nan,nan,nan,nan,nan,nan,nan,nan,nan,nan,nan,nan,nan,nan,nan,nan,nan,nan,nan,nan,nan,nan,nan,nan,nan,nan,nan,nan,nan,nan,nan,nan,nan,nan,nan,nan,nan,nan,nan,nan,nan,nan,nan,nan,nan,nan,nan,nan,nan,nan,nan,nan,nan,nan,nan,nan,nan,nan,nan,nan,nan,nan,nan,nan,nan,nan,nan,nan,nan,nan,nan,nan,nan,nan,nan,nan,nan,nan
nan,nan,nan,nan,nan,nan,nan,nan,nan,nan,nan,nan,nan,nan,nan,nan,nan,nan,nan,nan,nan,nan,nan,nan,nan,nan,nan,nan,nan,nan,nan,nan,nan,nan,nan,nan,nan,nan,nan,nan,nan,nan,nan,nan,nan,nan,nan,nan,nan,nan,nan,nan,nan,nan,nan,nan,nan,nan,nan,nan,nan,nan,nan,nan,nan,nan,nan,nan,nan,nan,nan,nan,nan,nan,nan,nan,nan,nan,nan,nan,nan,nan,nan,nan,nan,nan,nan,nan,nan,nan,nan,nan,nan,nan,nan,nan,nan,nan,nan,nan,nan,nan,nan,nan,nan,nan,nan,nan,nan,nan,nan,nan,nan,nan,nan,nan,nan,nan,nan,nan,nan,nan,nan,nan,nan
nan,nan,nan,nan,nan,nan,nan,nan,nan,nan,nan,nan,nan,nan,nan,nan,nan,nan,nan,nan,nan,nan,nan,nan,nan,nan,nan,nan,nan,nan,nan,nan,nan,nan,nan,nan,nan,nan,nan,nan,nan,nan,nan,nan,nan,nan,nan,nan,nan,nan,nan,nan,nan,nan,nan,nan,nan,nan,nan,nan,nan,nan,nan,nan,nan,nan,nan,nan,nan,nan,nan,nan,nan,nan,nan,nan,nan,nan,nan,nan,nan,nan,nan,nan,nan,nan,nan,nan,nan,nan,nan,nan,nan,nan,nan,nan,nan,nan,nan,nan,nan,nan,nan,nan,nan,nan,nan,nan,nan,nan,nan,nan,nan,nan,nan,nan,nan,nan,nan,nan,nan,nan,nan,nan,nan
nan,nan,nan,nan,nan,nan,nan,nan,nan,nan,nan,nan,nan,nan,nan,nan,nan,nan,nan,nan,nan,nan,nan,nan,nan,nan,nan,nan,nan,nan,nan,nan,nan,nan,nan,nan,nan,nan,nan,nan,nan,nan,nan,nan,nan,nan,nan,nan,nan,nan,nan,nan,nan,nan,nan,nan,nan,nan,nan,nan,nan,nan,nan,nan,nan,nan,nan,nan,nan,nan,nan,nan,nan,nan,nan,nan,nan,nan,nan,nan,nan,nan,nan,nan,nan,nan,nan,nan,nan,nan,nan,nan,nan,nan,nan,nan,nan,nan,nan,nan,nan,nan,nan,nan,nan,nan,nan,nan,nan,nan,nan,nan,nan,nan,nan,nan,nan,nan,nan,nan,nan,nan,nan,nan,nan
nan,nan,nan,nan,nan,nan,nan,nan,nan,nan,nan,nan,nan,nan,nan,nan,nan,nan,nan,nan,nan,nan,nan,nan,nan,nan,nan,nan,nan,nan,nan,nan,nan,nan,nan,nan,nan,nan,nan,nan,nan,nan,nan,nan,nan,nan,nan,nan,nan,nan,nan,nan,nan,nan,nan,nan,nan,nan,nan,nan,nan,nan,nan,nan,nan,nan,nan,nan,nan,nan,nan,nan,nan,nan,nan,nan,nan,nan,nan,nan,nan,nan,nan,nan,nan,nan,nan,nan,nan,nan,nan,nan,nan,nan,nan,nan,nan,nan,nan,nan,nan,nan,nan,nan,nan,nan,nan,nan,nan,nan,nan,nan,nan,nan,nan,nan,nan,nan,nan,nan,nan,nan,nan,nan,nan
nan,nan,nan,nan,nan,nan,nan,nan,nan,nan,nan,nan,nan,nan,nan,nan,nan,nan,nan,nan,nan,nan,nan,nan,nan,nan,nan,nan,nan,nan,nan,nan,nan,nan,nan,nan,nan,nan,nan,nan,nan,nan,nan,nan,nan,nan,nan,nan,nan,nan,nan,nan,nan,nan,nan,nan,nan,nan,nan,nan,nan,nan,nan,nan,nan,nan,nan,nan,nan,nan,nan,nan,nan,nan,nan,nan,nan,nan,nan,nan,nan,nan,nan,nan,nan,nan,nan,nan,nan,nan,nan,nan,nan,nan,nan,nan,nan,nan,nan,nan,nan,nan,nan,nan,nan,nan,nan,nan,nan,nan,nan,nan,nan,nan,nan,nan,nan,nan,nan,nan,nan,nan,nan,nan,nan
nan,nan,nan,nan,nan,nan,nan,nan,nan,nan,nan,nan,nan,nan,nan,nan,nan,nan,nan,nan,nan,nan,nan,nan,nan,nan,nan,nan,nan,nan,nan,nan,nan,nan,nan,nan,nan,nan,nan,nan,nan,nan,nan,nan,nan,nan,nan,nan,nan,nan,nan,nan,nan,nan,nan,nan,nan,nan,nan,nan,nan,nan,nan,nan,nan,nan,nan,nan,nan,nan,nan,nan,nan,nan,nan,nan,nan,nan,nan,nan,nan,nan,nan,nan,nan,nan,nan,nan,nan,nan,nan,nan,nan,nan,nan,nan,nan,nan,nan,nan,nan,nan,nan,nan,nan,nan,nan,nan,nan,nan,nan,nan,nan,nan,nan,nan,nan,nan,nan,nan,nan,nan,nan,nan,nan
nan,nan,nan,nan,nan,nan,nan,nan,nan,nan,nan,nan,nan,nan,nan,nan,nan,nan,nan,nan,nan,nan,nan,nan,nan,nan,nan,nan,nan,nan,nan,nan,nan,nan,nan,nan,nan,nan,nan,nan,nan,nan,nan,nan,nan,nan,nan,nan,nan,nan,nan,nan,nan,nan,nan,nan,nan,nan,nan,nan,nan,nan,nan,nan,nan,nan,nan,nan,nan,nan,nan,nan,nan,nan,nan,nan,nan,nan,nan,nan,nan,nan,nan,nan,nan,nan,nan,nan,nan,nan,nan,nan,nan,nan,nan,nan,nan,nan,nan,nan,nan,nan,nan,nan,nan,nan,nan,nan,nan,nan,nan,nan,nan,nan,nan,nan,nan,nan,nan,nan,nan,nan,nan,nan,nan
nan,nan,nan,nan,nan,nan,nan,nan,nan,nan,nan,nan,nan,nan,nan,nan,nan,nan,nan,nan,nan,nan,nan,nan,nan,nan,nan,nan,nan,nan,nan,nan,nan,nan,nan,nan,nan,nan,nan,nan,nan,nan,nan,nan,nan,nan,nan,nan,nan,nan,nan,nan,nan,nan,nan,nan,nan,nan,nan,nan,nan,nan,nan,nan,nan,nan,nan,nan,nan,nan,nan,nan,nan,nan,nan,nan,nan,nan,nan,nan,nan,nan,nan,nan,nan,nan,nan,nan,nan,nan,nan,nan,nan,nan,nan,nan,nan,nan,nan,nan,nan,nan,nan,nan,nan,nan,nan,nan,nan,nan,nan,nan,nan,nan,nan,nan,nan,nan,nan,nan,nan,nan,nan,nan,nan
nan,nan,nan,nan,nan,nan,nan,nan,nan,nan,nan,nan,nan,nan,nan,nan,nan,nan,nan,nan,nan,nan,nan,nan,nan,nan,nan,nan,nan,nan,nan,nan,nan,nan,nan,nan,nan,nan,nan,nan,nan,nan,nan,nan,nan,nan,nan,nan,nan,nan,nan,nan,nan,nan,nan,nan,nan,nan,nan,nan,nan,nan,nan,nan,nan,nan,nan,nan,nan,nan,nan,nan,nan,nan,nan,nan,nan,nan,nan,nan,nan,nan,nan,nan,nan,nan,nan,nan,nan,nan,nan,nan,nan,nan,nan,nan,nan,nan,nan,nan,nan,nan,nan,nan,nan,nan,nan,nan,nan,nan,nan,nan,nan,nan,nan,nan,nan,nan,nan,nan,nan,nan,nan,nan,nan
