nan,nan,nan,nan,nan,nan,nan,nan,nan,nan,nan,nan,nan,nan,nan,nan,nan,nan,nan,nan,nan,nan,nan,nan,nan,nan,nan,nan,nan,nan,nan,nan,nan,nan,nan,nan,nan,nan,nan,nan,nan,nan,nan,nan,nan,nan,nan,nan,nan,nan,nan,nan,nan,nan,nan,nan,nan,nan,nan,nan,nan,nan,nan,nan,nan,nan,nan,nan,nan,nan,nan,nan,nan,nan,nan,nan,nan,nan,nan,nan,nan,nan,nan,nan,nan,nan,nan,nan,nan,nan,nan,nan,nan,nan,nan,nan,nan,nan,nan,nan,nan,nan,nan,nan,nan,nan,nan,nan,nan,nan,nan,nan,nan,nan,nan,nan,nan,nan,nan,nan,nan,nan,nan,nan,nan
nan,nan,nan,nan,nan,nan,nan,nan,nan,nan,nan,nan,nan,nan,nan,nan,nan,nan,nan,nan,nan,nan,nan,nan,nan,nan,nan,nan,nan,nan,nan,nan,nan,nan,nan,nan,nan,nan,nan,nan,nan,nan,nan,nan,nan,nan,nan,nan,nan,nan,nan,nan,nan,nan,nan,nan,nan,nan,nan,nan,nan,nan,nan,nan,nan,nan,nan,nan,nan,nan,nan,nan,nan,nan,nan,nan,nan,nan,nan,nan,nan,nan,nan,nan,nan,nan,nan,nan,nan,nan,nan,nan,nan,nan,nan,nan,nan,nan,nan,nan,nan,nan,nan,nan,nan,nan,nan,nan,nan,nan,nan,nan,nan,nan,nan,nan,nan,nan,nan,nan,nan,nan,nan,nan,nan
nan,nan,nan,nan,nan,nan,nan,nan,nan,nan,nan,nan,nan,nan,nan,nan,nan,nan,nan,nan,nan,nan,nan,nan,nan,nan,nan,nan,nan,nan,nan,nan,nan,nan,nan,nan,nan,nan,nan,nan,nan,nan,nan,nan,nan,nan,nan,nan,nan,nan,nan,nan,nan,nan,nan,nan,nan,nan,nan,nan,nan,nan,nan,nan,nan,nan,nan,nan,nan,nan,nan,nan,nan,nan,nan,nan,nan,nan,nan,nan,nan,nan,nan,nan,nan,nan,nan,nan,nan,nan,nan,nan,nan,nan,nan,nan,nan,nan,nan,nan,nan,nan,nan,nan,nan,nan,nan,nan,nan,nan,nan,nan,nan,nan,nan,nan,nan,nan,nan,nan,nan,nan,nan,nan,nan
nan,nan,nan,nan,nan,nan,nan,nan,nan,nan,nan,nan,nan,nan,nan,nan,nan,nan,nan,nan,nan,nan,nan,nan,nan,nan,nan,nan,nan,nan,nan,nan,nan,nan,nan,nan,nan,nan,nan,nan,nan,nan,nan,nan,nan,nan,nan,nan,nan,nan,nan,nan,nan,nan,nan,nan,nan,nan,nan,nan,nan,nan,nan,nan,nan,nan,nan,nan,nan,nan,nan,nan,nan,nan,nan,nan,nan,nan,nan,nan,nan,nan,nan,nan,nan,nan,nan,nan,nan,nan,nan,nan,nan,nan,nan,nan,nan,nan,nan,nan,nan,nan,nan,nan,nan,nan,nan,nan,nan,nan,nan,nan,nan,nan,nan,nan,nan,nan,nan,nan,nan,nan,nan,nan,nan
nan,nan,nan,nan,nan,nan,nan,nan,nan,nan,nan,nan,nan,nan,nan,nan,nan,nan,nan,nan,nan,nan,nan,nan,nan,nan,nan,nan,nan,nan,nan,nan,nan,nan,nan,nan,nan,nan,nan,nan,nan,nan,nan,nan,nan,nan,nan,nan,nan,nan,nan,nan,nan,nan,nan,nan,nan,nan,nan,nan,nan,nan,nan,nan,nan,nan,nan,nan,nan,nan,nan,nan,nan,nan,nan,nan,nan,nan,nan,nan,nan,nan,nan,nan,nan,nan,nan,nan,nan,nan,nan,nan,nan,nan,nan,nan,nan,nan,nan,nan,nan,nan,nan,nan,nan,nan,nan,nan,nan,nan,nan,nan,nan,nan,nan,nan,nan,nan,nan,nan,nan,nan,nan,nan,nan
nan,nan,nan,nan,nan,nan,nan,nan,nan,nan,nan,nan,nan,nan,nan,nan,nan,nan,nan,nan,nan,nan,nan,nan,nan,nan,nan,nan,nan,nan,nan,nan,nan,nan,nan,nan,nan,nan,nan,nan,nan,nan,nan,nan,nan,nan,nan,nan,nan,nan,nan,nan,nan,nan,nan,nan,nan,nan,nan,nan,nan,nan,nan,nan,nan,nan,nan,nan,nan,nan,nan,nan,nan,nan,nan,nan,nan,nan,nan,nan,nan,nan,nan,nan,nan,nan,nan,nan,nan,nan,nan,nan,nan,nan,nan,nan,nan,nan,nan,nan,nan,nan,nan,nan,nan,nan,nan,nan,nan,nan,nan,nan,nan,nan,nan,nan,nan,nan,nan,nan,nan,nan,nan,nan,nan
nan,nan,nan,nan,nan,nan,nan,nan,nan,nan,nan,nan,nan,nan,nan,nan,nan,nan,nan,nan,nan,nan,nan,nan,nan,nan,nan,nan,nan,nan,nan,nan,nan,nan,nan,nan,nan,nan,nan,nan,nan,nan,nan,nan,nan,nan,nan,nan,nan,nan,nan,nan,nan,nan,nan,nan,nan,nan,nan,nan,nan,nan,nan,nan,nan,nan,nan,nan,nan,nan,nan,nan,nan,nan,nan,nan,nan,nan,nan,nan,nan,nan,nan,nan,nan,nan,nan,nan,nan,nan,nan,nan,nan,nan,nan,nan,nan,nan,nan,nan,nan,nan,nan,nan,nan,nan,nan,nan,nan,nan,nan,nan,nan,nan,nan,nan,nan,nan,nan,nan,nan,nan,nan,nan,nan
nan,nan,nan,nan,nan,nan,nan,nan,nan,nan,nan,nan,nan,nan,nan,nan,nan,nan,nan,nan,nan,nan,nan,nan,nan,nan,nan,nan,nan,nan,nan,nan,nan,nan,nan,nan,nan,nan,nan,nan,nan,nan,nan,nan,nan,nan,nan,nan,nan,nan,nan,nan,nan,nan,nan,nan,nan,nan,nan,nan,nan,nan,nan,nan,nan,nan,nan,nan,nan,nan,nan,nan,nan,nan,nan,nan,nan,nan,nan,nan,nan,nan,nan,nan,nan,nan,nan,nan,nan,nan,nan,nan,nan,nan,nan,nan,nan,nan,nan,nan,nan,nan,nan,nan,nan,nan,nan,nan,nan,nan,nan,nan,nan,nan,nan,nan,nan,nan,nan,nan,nan,nan,nan,nan,nan
nan,nan,nan,nan,nan,nan,nan,nan,nan,nan,nan,nan,nan,nan,nan,nan,nan,nan,nan,nan,nan,nan,nan,nan,nan,nan,nan,nan,nan,nan,nan,nan,nan,nan,nan,nan,nan,nan,nan,nan,nan,nan,nan,nan,nan,nan,nan,nan,nan,nan,nan,nan,nan,nan,nan,nan,nan,nan,nan,nan,nan,nan,nan,nan,nan,nan,nan,nan,nan,nan,nan,nan,nan,nan,nan,nan,nan,nan,nan,nan,nan,nan,nan,nan,nan,nan,nan,nan,nan,nan,nan,nan,nan,nan,nan,nan,nan,nan,nan,nan,nan,nan,nan,nan,nan,nan,nan,nan,nan,nan,nan,nan,nan,nan,nan,nan,nan,nan,nan,nan,nan,nan,nan,nan,nan
nan,nan,nan,nan,nan,nan,nan,nan,nan,nan,nan,nan,nan,nan,nan,nan,nan,nan,nan,nan,nan,nan,nan,nan,nan,nan,nan,nan,nan,nan,nan,nan,nan,nan,nan,nan,nan,nan,nan,nan,nan,nan,nan,nan,nan,nan,nan,nan,nan,nan,nan,nan,nan,nan,nan,nan,nan,nan,nan,nan,nan,nan,nan,nan,nan,nan,nan,nan,nan,nan,nan,nan,nan,nan,nan,nan,nan,nan,nan,nan,nan,nan,nan,nan,nan,nan,nan,nan,nan,nan,nan,nan,nan,nan,nan,nan,nan,nan,nan,nan,nan,nan,nan,nan,nan,nan,nan,nan,nan,nan,nan,nan,nan,nan,nan,nan,nan,nan,nan,nan,nan,nan,nan,nan,nan
nan,nan,nan,nan,nan,nan,nan,nan,nan,nan,nan,nan,nan,nan,nan,nan,nan,nan,nan,nan,nan,nan,nan,nan,nan,nan,nan,nan,nan,nan,nan,nan,nan,nan,nan,nan,nan,nan,nan,nan,nan,nan,nan,nan,nan,nan,nan,nan,nan,nan,nan,nan,nan,nan,nan,nan,nan,nan,nan,nan,nan,nan,nan,nan,nan,nan,nan,nan,nan,nan,nan,nan,nan,nan,nan,nan,nan,nan,nan,nan,nan,nan,nan,nan,nan,nan,nan,nan,nan,nan,nan,nan,nan,nan,nan,nan,nan,nan,nan,nan,nan,nan,nan,nan,nan,nan,nan,nan,nan,nan,nan,nan,nan,nan,nan,nan,nan,nan,nan,nan,nan,nan,nan,nan,nan
nan,nan,nan,nan,nan,nan,nan,nan,nan,nan,nan,nan,nan,nan,nan,nan,nan,nan,nan,nan,nan,nan,nan,nan,nan,nan,nan,nan,nan,nan,nan,nan,nan,nan,nan,nan,nan,nan,nan,nan,nan,nan,nan,nan,nan,nan,nan,nan,nan,nan,nan,nan,nan,nan,nan,nan,nan,nan,nan,nan,nan,nan,nan,nan,nan,nan,nan,nan,nan,nan,nan,nan,nan,nan,nan,nan,nan,nan,nan,nan,nan,nan,nan,nan,nan,nan,nan,nan,nan,nan,nan,nan,nan,nan,nan,nan,nan,nan,nan,nan,nan,nan,nan,nan,nan,nan,nan,nan,nan,nan,nan,nan,nan,nan,nan,nan,nan,nan,nan,nan,nan,nan,nan,nan,nan
nan,nan,nan,nan,nan,nan,nan,nan,nan,nan,nan,nan,nan,nan,nan,nan,nan,nan,nan,nan,nan,nan,nan,nan,nan,nan,nan,nan,nan,nan,nan,nan,nan,nan,nan,nan,nan,nan,nan,nan,nan,nan,nan,nan,nan,nan,nan,nan,nan,nan,nan,nan,nan,nan,nan,nan,nan,nan,nan,nan,nan,nan,nan,nan,nan,nan,nan,nan,nan,nan,nan,nan,nan,nan,nan,nan,nan,nan,nan,nan,nan,nan,nan,nan,nan,nan,nan,nan,nan,nan,nan,nan,nan,nan,nan,nan,nan,nan,nan,nan,nan,nan,nan,nan,nan,nan,nan,nan,nan,nan,nan,nan,nan,nan,nan,nan,nan,nan,nan,nan,nan,nan,nan,nan,nan
nan,nan,nan,nan,nan,nan,nan,nan,nan,nan,nan,nan,nan,nan,nan,nan,nan,nan,nan,nan,nan,nan,nan,nan,nan,nan,nan,nan,nan,nan,nan,nan,nan,nan,nan,nan,nan,nan,nan,nan,nan,nan,nan,nan,nan,nan,nan,nan,nan,nan,nan,nan,nan,nan,nan,nan,nan,nan,nan,nan,nan,nan,nan,nan,nan,nan,nan,nan,nan,nan,nan,nan,nan,nan,nan,nan,nan,nan,nan,nan,nan,nan,nan,nan,nan,nan,nan,nan,nan,nan,nan,nan,nan,nan,nan,nan,nan,nan,nan,nan,nan,nan,nan,nan,nan,nan,nan,nan,nan,nan,nan,nan,nan,nan,nan,nan,nan,nan,nan,nan,nan,nan,nan,nan,nan
nan,nan,nan,nan,nan,nan,nan,nan,nan,nan,nan,nan,nan,nan,nan,nan,nan,nan,nan,nan,nan,nan,nan,nan,nan,nan,nan,nan,nan,nan,nan,nan,nan,nan,nan,nan,nan,nan,nan,nan,nan,nan,nan,nan,nan,nan,nan,nan,nan,nan,nan,nan,nan,nan,nan,nan,nan,nan,nan,nan,nan,nan,nan,nan,nan,nan,nan,nan,nan,nan,nan,nan,nan,nan,nan,nan,nan,nan,nan,nan,nan,nan,nan,nan,nan,nan,nan,nan,nan,nan,nan,nan,nan,nan,nan,nan,nan,nan,nan,nan,nan,nan,nan,nan,nan,nan,nan,nan,nan,nan,nan,nan,nan,nan,nan,nan,nan,nan,nan,nan,nan,nan,nan,nan,nan
nan,nan,nan,nan,nan,nan,nan,nan,nan,nan,nan,nan,nan,nan,nan,nan,nan,nan,nan,nan,nan,nan,nan,nan,nan,nan,nan,nan,nan,nan,nan,nan,nan,nan,nan,nan,nan,nan,nan,nan,nan,nan,nan,nan,nan,nan,nan,nan,nan,nan,nan,nan,3.667485427856445312e+01,3.960242843627929688e+01,4.179798507690429688e+01,4.337699127197265625e+01,nan,nan,nan,nan,nan,nan,nan,nan,nan,3.110121345520019531e+01,2.866880226135253906e+01,2.590610694885253906e+01,2.237705802917480469e+01,1.938680648803710938e+01,nan,nan,nan,nan,nan,nan,nan,nan,nan,nan,nan,nan,nan,nan,nan,nan,nan,nan,nan,nan,nan,nan,nan,nan,nan,nan,nan,nan,nan,nan,nan,nan,nan,nan,nan,nan,nan,nan,nan,nan,nan,nan,nan,nan,nan,nan,nan,nan,nan,nan,nan,nan,nan,nan,nan
nan,nan,nan,nan,nan,nan,nan,nan,nan,nan,nan,nan,nan,nan,nan,nan,nan,nan,nan,nan,nan,nan,nan,nan,nan,nan,nan,nan,nan,nan,nan,nan,nan,nan,nan,nan,nan,nan,nan,nan,nan,nan,nan,nan,nan,nan,nan,nan,nan,nan,nan,nan,3.394770050048828125e+01,3.866444778442382812e+01,3.528780746459960938e+01,3.826469802856445312e+01,4.223882675170898438e+01,5.974304199218750000e+01,4.202092361450195312e+01,4.018525695800781250e+01,3.881860733032226562e+01,3.661777496337890625e+01,2.824901199340820312e+01,4.295119094848632812e+01,3.765156555175781250e+01,3.086427688598632812e+01,2.832421493530273438e+01,2.602290916442871094e+01,2.377009773254394531e+01,2.175389099121093750e+01,2.117521095275878906e+01,2.066042518615722656e+01,nan,nan,nan,nan,nan,nan,nan,nan,nan,nan,nan,nan,nan,nan,nan,nan,nan,nan,nan,nan,nan,nan,nan,nan,nan,nan,nan,nan,nan,nan,nan,nan,nan,nan,nan,nan,nan,nan,nan,nan,nan,nan,nan,nan,nan,nan,nan,nan,nan,nan,nan,nan,nan
nan,nan,nan,nan,nan,nan,nan,nan,nan,nan,nan,nan,nan,nan,nan,nan,nan,nan,nan,nan,nan,nan,nan,nan,nan,nan,nan,nan,nan,nan,nan,nan,nan,nan,nan,nan,nan,nan,nan,nan,nan,nan,nan,nan,nan,nan,nan,nan,nan,2.966062545776367188e+01,3.172014427185058594e+01,3.293056488037109375e+01,3.322389602661132812e+01,4.287022018432617188e+01,4.720125579833984375e+01,5.089369583129882812e+01,5.679486465454101562e+01,6.480177307128906250e+01,6.101535415649414062e+01,3.714442443847656250e+01,3.652095031738281250e+01,3.320333862304687500e+01,3.656770706176757812e+01,2.977688980102539062e+01,3.875769424438476562e+01,3.151946067810058594e+01,2.802499771118164062e+01,2.526626205444335938e+01,2.294849586486816406e+01,2.072371101379394531e+01,5.142205715179443359e+00,6.083439350128173828e+00,2.134127426147460938e+01,nan,nan,nan,nan,nan,nan,nan,nan,nan,nan,nan,nan,nan,nan,nan,nan,nan,nan,nan,nan,nan,nan,nan,nan,nan,nan,nan,nan,nan,nan,nan,nan,nan,nan,nan,nan,nan,nan,nan,nan,nan,nan,nan,nan,nan,nan,nan,nan,nan,nan,nan,nan
nan,nan,nan,nan,nan,nan,nan,nan,nan,nan,nan,nan,nan,nan,nan,nan,nan,nan,nan,nan,nan,nan,nan,nan,nan,nan,nan,nan,nan,nan,nan,nan,nan,nan,nan,nan,nan,nan,3.670834732055664062e+01,3.643668365478515625e+01,nan,nan,nan,nan,nan,nan,nan,nan,nan,2.165218734741210938e+01,2.640494537353515625e+01,3.302911758422851562e+01,3.540061187744140625e+01,4.378706359863281250e+01,4.919645690917968750e+01,4.393456649780273438e+01,5.785908126831054688e+01,6.477825164794921875e+01,3.315962219238281250e+01,3.249281311035156250e+01,3.525253295898437500e+01,3.079698181152343750e+01,6.333882808685302734e+00,3.190225219726562500e+01,3.193204879760742188e+01,3.055352592468261719e+01,2.114078330993652344e+01,3.204515075683593750e+01,2.069971847534179688e+01,1.776455497741699219e+01,1.981949424743652344e+01,1.263140964508056641e+01,1.251430988311767578e+01,2.236475372314453125e+01,nan,nan,nan,nan,nan,nan,nan,nan,nan,nan,nan,nan,nan,nan,nan,nan,nan,nan,nan,nan,nan,nan,nan,nan,nan,nan,nan,nan,nan,nan,nan,nan,nan,nan,nan,nan,nan,nan,nan,nan,nan,nan,nan,nan,nan,nan,nan,nan,nan,nan,nan
nan,nan,nan,nan,nan,nan,nan,nan,nan,nan,nan,nan,nan,nan,nan,nan,nan,nan,nan,nan,nan,nan,nan,nan,nan,nan,nan,nan,nan,nan,nan,nan,nan,nan,nan,nan,nan,3.924861907958984375e+01,nan,2.119685745239257812e+01,3.746359252929687500e+01,nan,nan,nan,nan,nan,2.401212692260742188e+01,2.458276367187500000e+01,2.846189498901367188e+01,2.557919311523437500e+01,3.089084625244140625e+01,3.631855773925781250e+01,3.929618453979492188e+01,3.197948265075683594e+01,3.207061386108398438e+01,-8.267715454101562500e+00,-6.438365459442138672e+00,3.017231178283691406e+01,2.932044982910156250e+01,2.920838356018066406e+01,2.956151008605957031e+01,2.572183609008789062e+01,3.107572364807128906e+01,3.193003463745117188e+01,3.199998855590820312e+01,3.063115119934082031e+01,2.653719139099121094e+01,2.708819961547851562e+01,3.783231353759765625e+01,2.758837509155273438e+01,1.910558509826660156e+01,3.171354866027832031e+01,1.941152572631835938e+01,2.135320472717285156e+01,2.465431594848632812e+01,3.071274948120117188e+01,3.645753097534179688e+01,nan,nan,nan,nan,nan,nan,nan,nan,nan,nan,nan,nan,nan,nan,nan,nan,nan,nan,nan,nan,nan,nan,nan,nan,nan,nan,nan,nan,nan,nan,nan,nan,nan,nan,nan,nan,nan,nan,nan,nan,nan,nan,nan,nan,nan,nan,nan,nan
nan,nan,nan,nan,nan,nan,nan,nan,nan,nan,nan,nan,nan,nan,nan,nan,nan,nan,nan,nan,nan,nan,nan,nan,nan,nan,nan,nan,nan,nan,nan,nan,nan,nan,nan,nan,4.074794006347656250e+01,nan,2.236441802978515625e+01,2.750534820556640625e+01,3.439088821411132812e+01,nan,nan,2.874103546142578125e+01,nan,1.705756378173828125e+01,2.001199913024902344e+01,2.194280815124511719e+01,2.628150939941406250e+01,2.498225021362304688e+01,2.588441658020019531e+01,3.587451934814453125e+01,4.034019851684570312e+01,2.990311622619628906e+01,2.961635780334472656e+01,2.913679695129394531e+01,2.802940940856933594e+01,2.675110244750976562e+01,2.604496383666992188e+01,2.633218383789062500e+01,2.755244827270507812e+01,2.881250190734863281e+01,3.021520423889160156e+01,3.141463470458984375e+01,3.161156845092773438e+01,3.071212196350097656e+01,2.686283111572265625e+01,2.282723999023437500e+01,3.143522644042968750e+01,3.725905609130859375e+01,1.154187965393066406e+01,1.649948120117187500e+01,5.018087768554687500e+01,2.034917259216308594e+01,2.314853668212890625e+01,2.813842964172363281e+01,3.213138961791992188e+01,3.461675643920898438e+01,3.665221023559570312e+01,nan,nan,nan,nan,nan,nan,nan,nan,nan,nan,nan,nan,nan,nan,nan,nan,nan,nan,nan,nan,nan,nan,nan,nan,nan,nan,nan,nan,nan,nan,nan,nan,nan,nan,nan,nan,nan,nan,nan,nan,nan,nan,nan,nan,nan,nan
nan,nan,nan,nan,nan,nan,nan,nan,nan,nan,nan,nan,nan,nan,nan,nan,nan,nan,nan,nan,nan,nan,nan,nan,nan,nan,nan,nan,nan,nan,nan,nan,nan,nan,nan,2.651447296142578125e+01,3.098285675048828125e+01,4.519240951538085938e+01,3.625286483764648438e+01,4.043732070922851562e+01,4.402845764160156250e+01,4.042030334472656250e+01,3.072355842590332031e+01,3.026109886169433594e+01,2.887606811523437500e+01,2.848893737792968750e+01,2.709116554260253906e+01,2.738449859619140625e+01,2.764280319213867188e+01,2.528674125671386719e+01,2.554840660095214844e+01,3.076184463500976562e+01,3.210782623291015625e+01,1.878560638427734375e+01,2.688341712951660156e+01,2.589677238464355469e+01,2.437449264526367188e+01,-1.987454795837402344e+01,-1.718456840515136719e+01,2.270565795898437500e+01,2.442654609680175781e+01,4.924838256835937500e+01,5.687719345092773438e+01,5.352417755126953125e+01,2.100052452087402344e+01,2.927516174316406250e+01,2.579512023925781250e+01,2.250689315795898438e+01,1.932984161376953125e+01,1.007135677337646484e+01,5.758500695228576660e-01,1.680763244628906250e+01,1.846704101562500000e+01,-1.153796005249023438e+01,5.548742675781250000e+01,5.873516082763671875e+01,5.810320281982421875e+01,2.788005447387695312e+01,nan,nan,nan,nan,nan,nan,nan,nan,nan,nan,nan,nan,nan,nan,nan,nan,nan,nan,nan,nan,nan,nan,nan,nan,nan,nan,nan,nan,nan,nan,nan,nan,nan,nan,nan,nan,nan,nan,nan,nan,nan,nan,nan,nan,nan,nan,nan
nan,nan,nan,nan,nan,nan,nan,nan,nan,nan,nan,nan,nan,nan,nan,nan,nan,nan,nan,nan,nan,nan,nan,nan,nan,nan,nan,nan,nan,nan,nan,nan,nan,nan,3.571867752075195312e+01,3.880979919433593750e+01,4.745553207397460938e+01,5.168541717529296875e+01,5.011938476562500000e+01,4.756798553466796875e+01,4.765072631835937500e+01,4.531387329101562500e+01,3.257242584228515625e+01,2.948359107971191406e+01,2.883419609069824219e+01,2.656959342956542969e+01,2.402460670471191406e+01,2.213718986511230469e+01,2.321756744384765625e+01,2.266574478149414062e+01,2.352632331848144531e+01,2.256749725341796875e+01,2.751775932312011719e+01,2.998528671264648438e+01,4.267730331420898438e+01,2.143227958679199219e+01,3.615606546401977539e+00,-1.248312473297119141e+01,-1.844362974166870117e+00,1.502613830566406250e+01,1.967841148376464844e+01,2.511850357055664062e+01,1.935032653808593750e+01,3.911778259277343750e+01,2.715840530395507812e+01,2.362486076354980469e+01,nan,nan,1.884505653381347656e+01,-3.267911911010742188e+00,-2.240227222442626953e+00,-1.597275924682617188e+01,-7.945838451385498047e+00,1.923958396911621094e+01,5.389804840087890625e+01,4.692401504516601562e+01,4.814652252197265625e+01,4.379589843750000000e+01,nan,nan,nan,nan,nan,nan,nan,nan,nan,nan,nan,nan,nan,nan,nan,nan,nan,nan,nan,nan,nan,nan,nan,nan,nan,nan,nan,nan,nan,nan,nan,nan,nan,nan,nan,nan,nan,nan,nan,nan,nan,nan,nan,nan,nan,nan,nan
nan,nan,nan,nan,nan,nan,nan,nan,nan,nan,nan,nan,nan,nan,nan,nan,nan,nan,nan,nan,nan,nan,nan,nan,nan,nan,nan,nan,nan,nan,nan,nan,nan,2.643465995788574219e+01,3.420590972900390625e+01,4.588268280029296875e+01,5.392714691162109375e+01,5.660918807983398438e+01,4.982428359985351562e+01,4.864468765258789062e+01,4.682262039184570312e+01,3.311129760742187500e+01,2.371012687683105469e+01,2.528468894958496094e+01,2.417581939697265625e+01,1.621162223815917969e+01,1.159149551391601562e+01,9.779634475708007812e+00,9.380141258239746094e+00,1.356175708770751953e+01,2.117588233947753906e+01,2.159837913513183594e+01,2.420927810668945312e+01,3.187620353698730469e+01,3.665893554687500000e+01,3.194474411010742188e+01,1.501770210266113281e+01,-1.248332500457763672e+01,9.338700294494628906e+00,9.075885772705078125e+00,3.402700805664062500e+01,2.002636909484863281e+01,2.461039161682128906e+01,3.787522506713867188e+01,3.912284088134765625e+01,3.499796676635742188e+01,1.768146514892578125e+01,nan,1.665655136108398438e+01,1.505685138702392578e+01,-6.985660076141357422e+00,-9.789385795593261719e+00,-4.081332683563232422e+00,3.470995664596557617e+00,2.504297256469726562e+01,4.395367813110351562e+01,3.333278274536132812e+01,2.239906692504882812e+01,2.800895118713378906e+01,1.479141235351562500e+01,1.111115550994873047e+01,nan,nan,nan,nan,nan,nan,nan,nan,nan,nan,nan,nan,nan,nan,nan,nan,nan,nan,nan,nan,nan,nan,nan,nan,nan,nan,nan,nan,nan,nan,nan,nan,nan,nan,nan,nan,nan,nan,nan,nan,nan,nan,nan,nan
nan,nan,nan,nan,nan,nan,nan,nan,nan,nan,nan,nan,nan,nan,nan,nan,nan,nan,nan,nan,nan,nan,nan,nan,nan,nan,nan,nan,nan,nan,nan,4.034368133544921875e+01,2.897573471069335938e+01,2.925787353515625000e+01,3.990928649902343750e+01,5.418498611450195312e+01,5.500748062133789062e+01,5.335126495361328125e+01,4.539476776123046875e+01,4.526197433471679688e+01,4.020698928833007812e+01,3.215406417846679688e+01,2.411903190612792969e+01,2.174779510498046875e+01,1.805919265747070312e+01,1.059490299224853516e+01,9.389696121215820312e+00,8.469847679138183594e+00,1.008449554443359375e+01,1.236016082763671875e+01,1.844995498657226562e+01,2.147438240051269531e+01,2.418008804321289062e+01,2.539590454101562500e+01,2.691028785705566406e+01,3.162312316894531250e+01,2.688741493225097656e+01,1.076325035095214844e+01,7.709506034851074219e+00,6.170883655548095703e+00,6.250612735748291016e+00,1.604598045349121094e+01,1.240506458282470703e+01,2.475077056884765625e+01,3.730683898925781250e+01,4.099526214599609375e+01,1.280191421508789062e+01,1.348462295532226562e+01,1.415161800384521484e+01,5.743980789184570312e+01,8.303817749023437500e+00,-3.427496433258056641e+00,3.261850833892822266e+00,4.053412914276123047e+00,1.615753173828125000e+01,1.670783424377441406e+01,2.080209159851074219e+01,1.544890785217285156e+01,2.242079734802246094e+01,1.135643005371093750e+01,5.017009377479553223e-01,5.848648548126220703e+00,nan,nan,nan,nan,nan,nan,nan,nan,nan,nan,nan,nan,nan,nan,nan,nan,nan,nan,nan,nan,nan,nan,nan,nan,nan,nan,nan,nan,nan,nan,nan,nan,nan,nan,nan,nan,nan,nan,nan,nan,nan,nan,nan
nan,nan,nan,nan,nan,nan,nan,nan,nan,nan,nan,nan,nan,nan,nan,nan,nan,nan,nan,nan,nan,nan,nan,nan,nan,nan,nan,nan,nan,3.879797744750976562e+01,3.980073928833007812e+01,3.367982864379882812e+01,3.865611648559570312e+01,4.465843582153320312e+01,5.104711532592773438e+01,5.360043716430664062e+01,5.171927261352539062e+01,4.695948791503906250e+01,4.000158691406250000e+01,3.770308303833007812e+01,3.464567947387695312e+01,2.175752830505371094e+01,2.248889732360839844e+01,2.247007942199707031e+01,8.645267486572265625e+00,7.440433502197265625e+00,8.037225723266601562e+00,1.015275287628173828e+01,1.004610538482666016e+01,1.244842433929443359e+01,1.445006942749023438e+01,1.677412605285644531e+01,3.695541763305664062e+01,2.804286384582519531e+01,2.051926231384277344e+01,2.123999977111816406e+01,2.551791191101074219e+01,8.408446311950683594e+00,4.949810504913330078e+00,2.790309190750122070e+00,2.101809740066528320e+00,2.545445919036865234e+00,5.496659755706787109e+00,-1.917792201042175293e+00,5.836371898651123047e+00,7.365841388702392578e+00,8.311601638793945312e+00,1.798012733459472656e+01,2.612685966491699219e+01,2.808308219909667969e+01,2.720424652099609375e+01,5.987629318237304688e+01,5.483217620849609375e+01,-3.968398094177246094e+00,-1.258004665374755859e+01,1.351979827880859375e+01,4.171578407287597656e+00,9.836833953857421875e+00,8.628485679626464844e+00,5.809259891510009766e+00,-2.896712541580200195e+00,-4.981551170349121094e+00,-3.103520631790161133e+00,2.206859827041625977e+00,1.134614944458007812e+00,4.372725784778594971e-01,nan,nan,nan,nan,nan,nan,nan,nan,nan,nan,nan,nan,nan,nan,nan,nan,nan,nan,nan,nan,nan,nan,nan,nan,nan,nan,nan,nan,nan,nan,nan,nan,nan,nan,nan,nan,nan,nan,nan
nan,nan,nan,nan,nan,nan,nan,nan,nan,nan,nan,nan,nan,nan,nan,nan,nan,nan,nan,nan,nan,nan,nan,nan,nan,nan,nan,nan,nan,nan,3.955212783813476562e+01,4.188153457641601562e+01,4.281766128540039062e+01,4.547531890869140625e+01,4.978893661499023438e+01,4.871971511840820312e+01,4.592620468139648438e+01,3.867400360107421875e+01,3.512291717529296875e+01,3.091996574401855469e+01,2.067072868347167969e+01,1.561774826049804688e+01,1.372972106933593750e+01,8.321736335754394531e+00,7.051235675811767578e+00,3.571856975555419922e+00,6.958944797515869141e+00,7.407831192016601562e+00,1.013126754760742188e+01,1.339373779296875000e+01,1.464328670501708984e+01,1.645461273193359375e+01,2.731359100341796875e+01,1.961848449707031250e+01,1.958805465698242188e+01,1.898516082763671875e+01,1.969216918945312500e+01,5.950026988983154297e+00,-4.344254493713378906e+00,-2.545438194274902344e+01,-2.876142120361328125e+01,-2.475712966918945312e+01,-1.935483360290527344e+01,-1.810380363464355469e+01,-9.295925140380859375e+00,-1.094806575775146484e+01,-7.074273586273193359e+00,1.154392528533935547e+01,2.645243263244628906e+01,1.638971710205078125e+01,5.663029670715332031e+00,5.419105148315429688e+01,4.645902252197265625e+01,1.283939647674560547e+01,-1.310982513427734375e+01,-9.114525794982910156e+00,4.585633277893066406e+00,9.479258537292480469e+00,9.286860466003417969e+00,5.944615006446838379e-01,1.816228985786437988e+00,4.524435997009277344e+00,1.004261016845703125e+01,2.305750370025634766e+00,2.412386417388916016e+00,1.799577116966247559e+00,1.421060323715209961e+00,nan,nan,nan,nan,nan,nan,nan,nan,nan,nan,nan,nan,nan,nan,nan,nan,nan,nan,nan,nan,nan,nan,nan,nan,nan,nan,nan,nan,nan,nan,nan,nan,nan,nan,nan,nan,nan,nan
nan,nan,nan,nan,nan,nan,nan,nan,nan,nan,nan,nan,nan,nan,nan,nan,nan,nan,nan,nan,nan,nan,nan,nan,nan,nan,nan,nan,nan,nan,nan,4.233505630493164062e+01,4.320091247558593750e+01,4.617248916625976562e+01,5.039117431640625000e+01,4.209965515136718750e+01,3.225347900390625000e+01,3.006676483154296875e+01,2.423965644836425781e+01,1.864194107055664062e+01,1.560932922363281250e+01,1.368786430358886719e+01,7.476943492889404297e+00,6.960131168365478516e+00,5.472052097320556641e+00,3.462707757949829102e+00,2.016940832138061523e+00,6.052074909210205078e+00,9.500150680541992188e+00,1.314623260498046875e+01,1.513407135009765625e+01,1.878361129760742188e+01,1.970591735839843750e+01,1.943971633911132812e+01,1.776969337463378906e+01,1.669809532165527344e+01,9.585810661315917969e+00,6.762456893920898438e+00,-2.382372692227363586e-02,-6.360493659973144531e+00,-2.557581901550292969e+01,-2.255582046508789062e+01,-2.346234512329101562e+01,-2.211163902282714844e+01,-2.102213287353515625e+01,-1.741827392578125000e+01,-7.138106346130371094e+00,-2.303440093994140625e+00,1.109069633483886719e+01,-7.695448398590087891e-01,1.886987876892089844e+01,5.837275505065917969e+00,8.357368469238281250e+00,1.215579605102539062e+01,2.185252189636230469e+01,7.588117122650146484e+00,5.777791976928710938e+00,4.061563491821289062e+00,6.060205936431884766e+00,4.948676109313964844e+00,8.808923721313476562e+00,2.765554904937744141e+00,9.252712130546569824e-01,-5.333959102630615234e+00,-5.342071056365966797e+00,2.136624336242675781e+00,nan,nan,nan,nan,nan,nan,nan,nan,nan,nan,nan,nan,nan,nan,nan,nan,nan,nan,nan,nan,nan,nan,nan,nan,nan,nan,nan,nan,nan,nan,nan,nan,nan,nan,nan,nan,nan,nan,nan
nan,nan,nan,nan,nan,nan,nan,nan,nan,nan,nan,nan,nan,nan,nan,nan,nan,nan,nan,nan,nan,nan,nan,nan,nan,nan,nan,nan,nan,3.637511444091796875e+01,3.184489822387695312e+01,4.295566177368164062e+01,4.476760864257812500e+01,nan,4.451309585571289062e+01,3.097524070739746094e+01,2.913647842407226562e+01,2.798349761962890625e+01,2.130208778381347656e+01,1.618550682067871094e+01,1.081106185913085938e+01,9.208330154418945312e+00,6.106179714202880859e+00,5.970339298248291016e+00,7.031756401062011719e+00,4.308636188507080078e+00,2.320553302764892578e+00,8.047562599182128906e+00,7.871697902679443359e+00,8.656014442443847656e+00,1.529299163818359375e+01,1.705149078369140625e+01,1.876612281799316406e+01,1.702414321899414062e+01,1.204425334930419922e+01,4.129489421844482422e+00,3.308951377868652344e+00,-5.817884922027587891e+00,4.926511287689208984e+00,4.591105937957763672e+00,8.009522438049316406e+00,-5.255513668060302734e+00,-8.626374244689941406e+00,-2.245013046264648438e+01,-2.405676078796386719e+01,-1.253213691711425781e+01,-1.585224628448486328e+01,-1.134786531329154968e-01,1.482488059997558594e+01,-3.888033628463745117e+00,1.966686248779296875e+01,1.234552574157714844e+01,4.958690166473388672e+00,-4.107395172119140625e+00,4.896574497222900391e+00,8.715524673461914062e+00,-1.298060894012451172e+00,1.529775023460388184e+00,-9.863463640213012695e-01,1.150715827941894531e+01,7.960394859313964844e+00,8.954148292541503906e+00,4.711544036865234375e+00,-7.116907596588134766e+00,-1.041310501098632812e+01,3.321236371994018555e+00,nan,nan,nan,nan,nan,nan,nan,nan,nan,nan,nan,nan,nan,nan,nan,nan,nan,nan,nan,nan,nan,nan,nan,nan,nan,nan,nan,nan,nan,nan,nan,nan,nan,nan,nan,nan,nan,nan,nan
nan,nan,nan,nan,nan,nan,nan,nan,nan,nan,nan,nan,nan,nan,nan,nan,nan,nan,nan,nan,nan,nan,nan,nan,nan,nan,nan,nan,3.444317626953125000e+01,3.342064285278320312e+01,4.031279373168945312e+01,4.340066909790039062e+01,4.066577529907226562e+01,3.964192962646484375e+01,3.778776931762695312e+01,2.874929809570312500e+01,2.191901588439941406e+01,1.944288825988769531e+01,1.545464324951171875e+01,8.284467697143554688e+00,5.639808177947998047e+00,5.155248641967773438e+00,3.845501184463500977e+00,4.803955554962158203e+00,6.697027683258056641e+00,7.837939739227294922e+00,8.481095314025878906e+00,7.535262107849121094e+00,7.322413921356201172e+00,1.076541614532470703e+01,1.590337085723876953e+01,1.250998497009277344e+01,1.738683700561523438e+01,1.286730766296386719e+01,5.994884967803955078e+00,-3.623182296752929688e+00,-1.299222588539123535e+00,-9.869882583618164062e+00,-3.703892135620117188e+01,-1.281144046783447266e+01,-1.283302783966064453e+01,-1.249785709381103516e+01,-1.933563613891601562e+01,-1.721585273742675781e+01,-1.823945808410644531e+01,-1.158636760711669922e+01,-1.184229278564453125e+01,-7.981211185455322266e+00,-5.179509639739990234e+00,1.813696026802062988e+00,-1.550448417663574219e+00,-1.838531303405761719e+01,-2.131580924987792969e+01,-1.279038310050964355e+00,-5.574618816375732422e+00,8.002721786499023438e+00,2.823194980621337891e+00,3.158760070800781250e+00,6.640797138214111328e+00,7.047659873962402344e+00,1.081712532043457031e+01,2.292292594909667969e+01,2.127299499511718750e+01,4.370856285095214844e+00,-9.583077430725097656e+00,-6.138567447662353516e+00,8.418844938278198242e-01,8.757761120796203613e-02,8.008581995964050293e-01,8.295169830322265625e+00,3.621597051620483398e+00,nan,nan,nan,nan,nan,nan,nan,nan,nan,nan,nan,nan,nan,nan,nan,nan,nan,nan,nan,nan,nan,nan,nan,nan,nan,nan,nan,nan,nan,nan,nan,nan,nan,nan
nan,nan,nan,nan,nan,nan,nan,nan,nan,nan,nan,nan,nan,nan,nan,nan,nan,nan,nan,nan,nan,nan,nan,nan,nan,nan,nan,nan,nan,3.030829048156738281e+01,3.852831268310546875e+01,3.993016052246093750e+01,3.784145355224609375e+01,3.243090057373046875e+01,2.643918228149414062e+01,1.903430175781250000e+01,1.684804725646972656e+01,1.287877559661865234e+01,1.100023555755615234e+01,4.664884090423583984e+00,5.465586185455322266e+00,3.273911237716674805e+00,1.909476071596145630e-01,-5.804440751671791077e-02,3.039061784744262695e+00,8.352650642395019531e+00,5.871297836303710938e+00,6.858660697937011719e+00,7.418961524963378906e+00,7.329051494598388672e+00,1.193581199645996094e+01,8.585499763488769531e+00,5.255854129791259766e+00,4.916357994079589844e+00,-4.205650329589843750e+00,-7.281320571899414062e+00,-5.958005428314208984e+00,-2.984607696533203125e+01,-4.159821319580078125e+01,-4.739910125732421875e+01,-4.833182525634765625e+01,-4.720386123657226562e+01,-4.423580169677734375e+01,-3.499526977539062500e+01,-1.543375778198242188e+01,-9.808082580566406250e+00,-5.978429794311523438e+00,-1.460209369659423828e+01,-3.365581035614013672e+00,-2.219648599624633789e+00,-2.280749559402465820e+00,-2.160936355590820312e+01,-2.137028694152832031e+01,-1.551259231567382812e+01,-5.833937644958496094e+00,-1.150123119354248047e+01,-8.729123115539550781e+00,-8.967742919921875000e+00,-1.798025250434875488e+00,9.613186836242675781e+00,1.255571746826171875e+01,1.356716442108154297e+01,2.695295333862304688e+01,2.155149459838867188e+01,-3.042564868927001953e+00,1.022821545600891113e+00,-1.346105486154556274e-01,-3.687841892242431641e+00,5.719070434570312500e+00,1.096250629425048828e+01,2.831993675231933594e+01,1.341330885887145996e+00,nan,nan,nan,nan,nan,nan,nan,nan,nan,nan,nan,nan,nan,nan,nan,nan,nan,nan,nan,nan,nan,nan,nan,nan,nan,nan,nan,nan,nan,nan,nan,nan,nan
nan,nan,nan,nan,nan,nan,nan,nan,nan,nan,nan,nan,nan,nan,nan,nan,nan,nan,nan,nan,nan,nan,nan,nan,nan,nan,nan,nan,nan,3.670914077758789062e+01,3.254164886474609375e+01,2.881115341186523438e+01,2.729659080505371094e+01,2.135518836975097656e+01,1.714797592163085938e+01,1.595925045013427734e+01,1.356280708312988281e+01,1.100803184509277344e+01,8.256403923034667969e+00,5.403523921966552734e+00,4.390684127807617188e+00,6.525163054466247559e-01,-4.364418089389801025e-01,-1.323143243789672852e+00,-1.414038389921188354e-01,6.722915768623352051e-01,1.278779029846191406e+00,3.404787063598632812e+00,3.150746107101440430e+00,3.793183088302612305e+00,4.433933734893798828e+00,1.755679368972778320e+00,-3.266087532043457031e+00,-3.656676769256591797e+00,-8.184718132019042969e+00,-1.001389598846435547e+01,-1.400416469573974609e+01,-3.577621841430664062e+01,-4.817828369140625000e+01,-4.891453170776367188e+01,-4.547450256347656250e+01,-2.337396049499511719e+01,-3.010664367675781250e+01,-2.067819023132324219e+01,-1.273059177398681641e+01,-6.656646728515625000e+00,3.147022485733032227e+00,-8.268908500671386719e+00,-6.074491977691650391e+00,-5.586312294006347656e+00,-1.712355613708496094e+01,-7.542812347412109375e+00,-8.213285446166992188e+00,-2.002023696899414062e+01,-1.938325309753417969e+01,-1.492008209228515625e+01,-1.651105308532714844e+01,-4.890183925628662109e+00,-2.724090300034731627e-04,6.092986106872558594e+00,2.391814231872558594e+00,3.517945289611816406e+00,3.150276660919189453e+00,8.123714360408484936e-04,5.228199005126953125e+00,3.936308145523071289e+00,1.408579945564270020e-02,-3.262931108474731445e-02,1.769502311944961548e-01,5.122929573059082031e+00,-2.067940235137939453e+00,-1.092565059661865234e+00,2.955590486526489258e-01,nan,nan,nan,nan,nan,nan,nan,nan,nan,nan,nan,nan,nan,nan,nan,nan,nan,nan,nan,nan,nan,nan,nan,nan,nan,nan,nan,nan,nan,nan,nan,nan
nan,nan,nan,nan,nan,nan,nan,nan,nan,nan,nan,nan,nan,nan,nan,nan,nan,nan,nan,nan,nan,nan,nan,nan,nan,nan,nan,nan,nan,2.778774070739746094e+01,2.682585144042968750e+01,2.427222061157226562e+01,2.024241638183593750e+01,1.529655361175537109e+01,1.220901870727539062e+01,1.148979187011718750e+01,1.181500053405761719e+01,1.019809055328369141e+01,1.026484870910644531e+01,6.121062755584716797e+00,3.365806341171264648e+00,1.996875107288360596e-01,-4.075029194355010986e-01,-2.055940866470336914e+00,-5.930900573730468750e-01,1.502871751785278320e+00,6.825529336929321289e-01,2.443541526794433594e+00,3.395834684371948242e+00,1.250399470329284668e+00,1.494750976562500000e-01,-2.209019184112548828e+00,1.817831516265869141e+00,-4.505247116088867188e+00,-1.144155502319335938e+01,-1.965331077575683594e+01,-2.723116302490234375e+01,-2.007802772521972656e+01,-4.622945785522460938e+01,-1.460341548919677734e+01,-2.916333436965942383e+00,nan,nan,-1.908090972900390625e+01,-4.180102348327636719e+00,-1.108832073211669922e+01,-1.156867027282714844e+01,-9.257608413696289062e+00,-7.310559272766113281e+00,-7.466828346252441406e+00,-1.306848716735839844e+01,-1.518858075141906738e+00,2.144566154479980469e+01,-1.262545585632324219e+01,-3.070216941833496094e+01,-2.772811317443847656e+01,-1.686544036865234375e+01,-7.163272380828857422e+00,-1.610459327697753906e+01,-9.168990254402160645e-01,5.979900836944580078e+00,4.120538711547851562e+00,-5.758242681622505188e-03,-3.208224661648273468e-04,-8.196599006652832031e+00,3.180426359176635742e-01,1.268000841140747070e+00,-2.652082204818725586e+00,-4.634931087493896484e+00,5.917636677622795105e-02,2.749394178390502930e+00,-2.917579174041748047e+00,1.904644203186035156e+01,1.658329069614410400e-01,nan,nan,nan,nan,nan,nan,nan,nan,nan,nan,nan,nan,nan,nan,nan,nan,nan,nan,nan,nan,nan,nan,nan,nan,nan,nan,nan,nan,nan,nan,nan
nan,nan,nan,nan,nan,nan,nan,nan,nan,nan,nan,nan,nan,nan,nan,nan,nan,nan,nan,nan,nan,nan,nan,nan,nan,nan,nan,nan,nan,2.760661697387695312e+01,2.046687316894531250e+01,1.995274925231933594e+01,1.729094123840332031e+01,1.425343990325927734e+01,1.086971187591552734e+01,9.320290565490722656e+00,1.042708015441894531e+01,8.587264060974121094e+00,7.562928676605224609e+00,6.325230598449707031e+00,2.951224327087402344e+00,-2.606149613857269287e-01,-6.617854237556457520e-01,-2.396367311477661133e+00,3.918028622865676880e-02,3.894945144653320312e+00,2.899520397186279297e+00,2.409062147140502930e+00,1.772325634956359863e+00,1.920402765274047852e+00,-7.012794613838195801e-01,1.456568598747253418e+00,-1.851065874099731445e+00,-4.013153076171875000e+00,-1.168258762359619141e+01,-2.029033660888671875e+01,nan,-2.605715751647949219e+01,-8.809849739074707031e+00,-2.627115249633789062e+01,-2.787671852111816406e+01,nan,nan,nan,nan,-1.418391132354736328e+01,nan,-1.025153255462646484e+01,nan,-9.440068244934082031e+00,nan,nan,nan,-1.483181476593017578e+01,-3.303257751464843750e+01,-2.813533973693847656e+01,-2.932881736755371094e+01,-3.574281692504882812e+01,-2.375526237487792969e+01,-9.515246391296386719e+00,6.129355430603027344e+00,1.116331863403320312e+01,-2.472731113433837891e+00,-5.145410895347595215e-01,-1.445193576812744141e+01,-1.250201416015625000e+01,-7.037828445434570312e+00,-6.255061626434326172e+00,-1.273854637145996094e+01,-5.793042659759521484e+00,-1.893318414688110352e+00,-1.953621625900268555e+00,5.248491287231445312e+00,2.542845211941902571e-15,nan,nan,nan,nan,nan,nan,nan,nan,nan,nan,nan,nan,nan,nan,nan,nan,nan,nan,nan,nan,nan,nan,nan,nan,nan,nan,nan,nan,nan,nan,nan
nan,nan,nan,nan,nan,nan,nan,nan,nan,nan,nan,nan,nan,nan,nan,nan,nan,nan,nan,nan,nan,nan,nan,nan,nan,nan,nan,1.295386600494384766e+01,2.773452758789062500e+01,2.302901649475097656e+01,1.877385139465332031e+01,1.725371360778808594e+01,1.076860141754150391e+01,8.840058326721191406e+00,1.040237712860107422e+01,9.484521865844726562e+00,8.460888862609863281e+00,6.237296104431152344e+00,6.757258415222167969e+00,5.517105579376220703e+00,3.923050403594970703e+00,-5.062540173530578613e-01,-2.622683763504028320e+00,-2.826351642608642578e+00,-1.026634573936462402e+00,3.503241539001464844e+00,3.247629165649414062e+00,6.622588634490966797e-01,5.533378124237060547e-01,9.174537658691406250e-02,-2.380310595035552979e-01,-3.276949226856231689e-01,-4.146233081817626953e+00,-1.188325786590576172e+01,-8.171103477478027344e+00,-9.178415298461914062e+00,-1.024843215942382812e+01,-1.858073234558105469e+01,nan,nan,nan,nan,nan,nan,nan,nan,nan,nan,nan,nan,nan,nan,nan,nan,-1.598318862915039062e+01,-8.317628860473632812e+00,-8.352234840393066406e+00,-1.059725761413574219e+01,-8.632821083068847656e+00,-8.606497764587402344e+00,-7.666664123535156250e+00,1.793443298339843750e+01,-1.953070259094238281e+01,-2.414597702026367188e+01,-8.874042510986328125e+00,-7.772783279418945312e+00,-1.617801475524902344e+01,-2.625728988647460938e+01,-1.505223751068115234e+01,-8.083361625671386719e+00,-1.171996307373046875e+01,-1.181762027740478516e+01,-1.444014835357666016e+01,-7.706681251525878906e+00,7.462736606597900391e+00,-1.413552761077880859e+00,nan,nan,nan,nan,nan,nan,nan,nan,nan,nan,nan,nan,nan,nan,nan,nan,nan,nan,nan,nan,nan,nan,nan,nan,nan,nan,nan,nan,nan
nan,nan,nan,nan,nan,nan,nan,nan,nan,nan,nan,nan,nan,nan,nan,nan,nan,nan,nan,nan,nan,nan,nan,nan,nan,nan,nan,7.526153087615966797e+00,1.739731597900390625e+01,1.887149429321289062e+01,1.543286895751953125e+01,8.604081153869628906e+00,5.896433353424072266e+00,6.936210155487060547e+00,9.856932640075683594e+00,1.166312789916992188e+01,1.056189537048339844e+01,7.359784126281738281e+00,7.222262382507324219e+00,6.737565040588378906e+00,2.718943595886230469e+00,-5.049251914024353027e-01,-2.257709980010986328e+00,-4.864075183868408203e+00,-4.343918800354003906e+00,-3.359826326370239258e+00,-2.562256097793579102e+00,6.517018377780914307e-02,-3.207008123397827148e+00,-5.078795433044433594e+00,-6.122539997100830078e+00,-7.612474918365478516e+00,-7.504636764526367188e+00,-1.103324222564697266e+01,-5.733062267303466797e+00,-7.736260414123535156e+00,nan,nan,nan,nan,nan,nan,nan,nan,nan,nan,nan,nan,nan,nan,nan,nan,nan,nan,nan,-1.489583969116210938e+01,-1.328685665130615234e+01,-1.130944633483886719e+01,-2.171045780181884766e+00,-2.701102495193481445e+00,-1.446471214294433594e+01,-2.428140449523925781e+01,-2.872150611877441406e+01,-2.563514518737792969e+01,-1.969400787353515625e+01,-1.158540153503417969e+01,-1.990892410278320312e+01,-3.355355072021484375e+01,-3.066488075256347656e+01,-1.354465961456298828e+01,-1.916843986511230469e+01,-1.766801261901855469e+01,-9.324547767639160156e+00,4.313635826110839844e+00,1.374351596832275391e+01,1.611481666564941406e+01,-1.780724644660949707e+00,nan,nan,nan,nan,nan,nan,nan,nan,nan,nan,nan,nan,nan,nan,nan,nan,nan,nan,nan,nan,nan,nan,nan,nan,nan,nan,nan,nan
nan,nan,nan,nan,nan,nan,nan,nan,nan,nan,nan,nan,nan,nan,nan,nan,nan,nan,nan,nan,nan,nan,nan,nan,nan,nan,2.762490987777709961e+00,2.107071876525878906e+00,3.418472051620483398e+00,4.171325206756591797e+00,4.658594131469726562e+00,3.860171079635620117e+00,6.585618019104003906e+00,8.597867012023925781e+00,8.937786102294921875e+00,1.000141143798828125e+01,7.447955131530761719e+00,7.259016036987304688e+00,3.292001485824584961e+00,2.053204536437988281e+00,-2.983426570892333984e+00,-3.052417039871215820e+00,-1.547012567520141602e+00,-4.070248603820800781e+00,-5.019363403320312500e+00,-5.848129272460937500e+00,-3.146483421325683594e+00,-2.409105539321899414e+00,-1.730504035949707031e+00,-5.869971275329589844e+00,-6.932934284210205078e+00,-6.655585289001464844e+00,-1.087867164611816406e+01,-5.452705383300781250e+00,-2.173782825469970703e+00,-9.461298942565917969e+00,nan,nan,nan,nan,nan,nan,nan,nan,nan,nan,nan,nan,nan,nan,nan,nan,nan,nan,nan,nan,nan,-1.135879993438720703e+01,-3.896720409393310547e+00,-1.580409526824951172e+00,-5.464205741882324219e+00,-1.283314990997314453e+01,-1.734647560119628906e+01,-2.373372650146484375e+01,-2.040862655639648438e+01,-8.946419715881347656e+00,-2.611733055114746094e+01,-1.580036544799804688e+01,-1.559001255035400391e+01,-1.509126091003417969e+01,-3.144429779052734375e+01,-2.398656845092773438e+01,-1.046212482452392578e+01,-4.827158927917480469e+00,8.906851768493652344e+00,1.639828491210937500e+01,8.427411079406738281e+00,nan,nan,nan,nan,nan,nan,nan,nan,nan,nan,nan,nan,nan,nan,nan,nan,nan,nan,nan,nan,nan,nan,nan,nan,nan,nan,nan,nan
nan,nan,nan,nan,nan,nan,nan,nan,nan,nan,nan,nan,nan,nan,nan,nan,nan,nan,nan,nan,nan,nan,nan,nan,nan,nan,-5.512060642242431641e+00,-2.936891317367553711e+00,-1.679936289787292480e+00,-2.455559015274047852e+00,1.375217676162719727e+00,6.028758883476257324e-01,4.593427658081054688e+00,6.603136539459228516e+00,8.017847061157226562e+00,7.292733669281005859e+00,7.415520191192626953e+00,4.698547840118408203e+00,5.068438053131103516e-01,-1.426639705896377563e-01,-1.899796128273010254e+00,-3.502261877059936523e+00,-4.678560256958007812e+00,-4.688850879669189453e+00,-3.842739820480346680e+00,-3.555738925933837891e+00,-4.928997516632080078e+00,-3.520453691482543945e+00,-4.065230846405029297e+00,-5.688987255096435547e+00,-6.914889335632324219e+00,-8.139411926269531250e+00,-6.862193107604980469e+00,-8.335625648498535156e+00,-7.341302394866943359e+00,nan,nan,nan,nan,nan,nan,nan,nan,nan,nan,nan,nan,nan,nan,nan,nan,nan,nan,nan,nan,nan,nan,nan,nan,nan,nan,nan,nan,nan,-1.168779563903808594e+01,-3.552005767822265625e+00,-5.627934455871582031e+00,-3.591524124145507812e+01,-3.365804672241210938e+01,-3.675568008422851562e+01,-3.241975021362304688e+01,-1.755136680603027344e+01,-1.630863380432128906e+01,-1.926727485656738281e+01,-9.914613366127014160e-01,2.979419946670532227e+00,9.923868775367736816e-01,-5.190122604370117188e+00,nan,nan,nan,nan,nan,nan,nan,nan,nan,nan,nan,nan,nan,nan,nan,nan,nan,nan,nan,nan,nan,nan,nan,nan,nan,nan,nan
nan,nan,nan,nan,nan,nan,nan,nan,nan,nan,nan,nan,nan,nan,nan,nan,nan,nan,nan,nan,nan,nan,nan,nan,nan,nan,-1.281863212585449219e+01,-5.501444339752197266e+00,-5.201846122741699219e+00,-3.710842132568359375e+00,-3.480353951454162598e-01,1.850451350212097168e+00,1.947914242744445801e+00,5.529440402984619141e+00,7.526028633117675781e+00,5.724530696868896484e+00,3.899461984634399414e+00,2.256098747253417969e+00,2.366117835044860840e-01,-1.469079256057739258e+00,-2.305248737335205078e+00,-2.592776775360107422e+00,-2.940384626388549805e+00,-2.064726352691650391e+00,-1.561521053314208984e+00,-7.561210989952087402e-01,-2.427190303802490234e+00,-3.375595808029174805e+00,-5.346405982971191406e+00,-7.973688125610351562e+00,-9.578674316406250000e+00,-4.027096748352050781e+00,-6.628667354583740234e+00,-6.820762157440185547e+00,nan,nan,nan,nan,nan,nan,nan,nan,nan,nan,nan,nan,nan,nan,nan,nan,nan,nan,nan,nan,nan,nan,nan,nan,nan,nan,nan,nan,nan,nan,nan,-3.732412576675415039e+00,-6.960424900054931641e+00,-2.048358726501464844e+01,-2.666317558288574219e+01,-1.933099555969238281e+01,-2.059577941894531250e+01,-1.770314407348632812e+01,-1.869803047180175781e+01,-1.868657302856445312e+01,-1.968819999694824219e+01,-1.427722740173339844e+01,-1.285724639892578125e+01,7.680778503417968750e+00,nan,nan,nan,nan,nan,nan,nan,nan,nan,nan,nan,nan,nan,nan,nan,nan,nan,nan,nan,nan,nan,nan,nan,nan,nan,nan,nan
nan,nan,nan,nan,nan,nan,nan,nan,nan,nan,nan,nan,nan,nan,nan,nan,nan,nan,nan,nan,nan,nan,nan,nan,-5.574152946472167969e+00,-7.074438571929931641e+00,-6.218442440032958984e+00,-6.331538677215576172e+00,-6.763653278350830078e+00,-3.216693878173828125e+00,-5.241840481758117676e-01,-3.080214977264404297e+00,9.357026219367980957e-01,3.191517353057861328e+00,4.721880912780761719e+00,1.372115492820739746e+00,-7.934455275535583496e-01,-2.133723258972167969e+00,-4.116989612579345703e+00,-4.449275970458984375e+00,-2.494466304779052734e+00,-5.300928950309753418e-01,5.162728428840637207e-01,-5.021425485610961914e-01,-2.099699020385742188e+00,-2.286613464355468750e+00,-3.154235839843750000e+00,-3.542422056198120117e+00,-6.382076263427734375e+00,-7.960214138031005859e+00,-9.533068656921386719e+00,-3.129480838775634766e+00,-6.870102405548095703e+00,nan,nan,nan,nan,nan,nan,nan,nan,nan,nan,nan,nan,nan,nan,nan,nan,nan,nan,nan,nan,nan,nan,nan,nan,nan,nan,nan,nan,nan,nan,nan,nan,-1.649147987365722656e+01,-8.004637718200683594e+00,-8.021768569946289062e+00,-1.047390556335449219e+01,-5.437859058380126953e+00,-1.693787693977355957e+00,-1.382348155975341797e+01,-1.978577041625976562e+01,-1.518540000915527344e+01,-1.812874984741210938e+01,-1.813371276855468750e+01,-1.599448108673095703e+01,-1.338957214355468750e+01,5.202667713165283203e+00,nan,nan,nan,nan,nan,nan,nan,nan,nan,nan,nan,nan,nan,nan,nan,nan,nan,nan,nan,nan,nan,nan,nan,nan,nan,nan
nan,nan,nan,nan,nan,nan,nan,nan,nan,nan,nan,nan,nan,nan,nan,nan,nan,nan,nan,nan,nan,nan,nan,nan,-6.284359931945800781e+00,-7.195740222930908203e+00,-5.740705966949462891e+00,-6.104540348052978516e+00,-7.183414459228515625e+00,-6.352750301361083984e+00,-6.111261844635009766e+00,-3.807234525680541992e+00,-2.966305017471313477e-01,1.623670101165771484e+00,3.582153916358947754e-01,-3.722090482711791992e+00,-4.271759510040283203e+00,-4.620126247406005859e+00,-5.375040531158447266e+00,-5.371080398559570312e+00,-3.321698188781738281e+00,-1.589984893798828125e+00,-9.173452258110046387e-01,-1.369481682777404785e+00,-1.639227867126464844e+00,-1.292544007301330566e+00,-3.942412853240966797e+00,-5.652445793151855469e+00,-8.627050399780273438e+00,-9.375064849853515625e+00,-1.155186367034912109e+01,-2.073994636535644531e+00,nan,nan,nan,nan,nan,nan,nan,nan,nan,nan,nan,nan,nan,nan,nan,nan,nan,nan,nan,nan,nan,nan,nan,nan,nan,nan,nan,nan,nan,nan,nan,nan,nan,nan,nan,nan,nan,-1.637219429016113281e+01,-1.618540382385253906e+01,-3.228163957595825195e+00,-1.393163871765136719e+01,-1.182738494873046875e+01,-7.486319065093994141e+00,-1.657032966613769531e+01,-2.667924880981445312e+01,-1.157329940795898438e+01,-4.590623855590820312e+00,-3.541215896606445312e+00,-7.194049358367919922e+00,nan,nan,nan,nan,nan,nan,nan,nan,nan,nan,nan,nan,nan,nan,nan,nan,nan,nan,nan,nan,nan,nan,nan,nan
nan,nan,nan,nan,nan,nan,nan,nan,nan,nan,nan,nan,nan,nan,nan,nan,nan,nan,nan,nan,nan,nan,nan,nan,nan,-7.270593166351318359e+00,-7.173625946044921875e+00,-1.005800342559814453e+01,-9.795451164245605469e+00,-7.868419170379638672e+00,-6.590338230133056641e+00,-4.217061042785644531e+00,-1.966280221939086914e+00,-3.324883222579956055e+00,-5.655283927917480469e+00,-6.279384613037109375e+00,-7.407959461212158203e+00,-7.665248394012451172e+00,-6.932537555694580078e+00,-6.836639881134033203e+00,-6.019430637359619141e+00,-3.122739315032958984e+00,-2.131210565567016602e+00,-1.123949170112609863e+00,-2.538439750671386719e+00,-3.463155269622802734e+00,-6.943391323089599609e+00,-8.023815155029296875e+00,-1.032129764556884766e+01,-1.123223686218261719e+01,-8.599462509155273438e+00,-6.748249530792236328e+00,nan,nan,nan,nan,nan,nan,nan,nan,nan,nan,nan,nan,nan,nan,nan,nan,nan,nan,nan,nan,nan,nan,nan,nan,nan,nan,nan,nan,nan,nan,nan,nan,nan,nan,nan,nan,nan,nan,nan,nan,nan,nan,-1.164085865020751953e+01,-1.082413101196289062e+01,2.796899318695068359e+00,-1.291950988769531250e+01,-1.156497478485107422e+01,-1.957342338562011719e+01,-1.756006813049316406e+01,-4.223572254180908203e+00,nan,nan,nan,nan,nan,nan,nan,nan,nan,nan,nan,nan,nan,nan,nan,nan,nan,nan,nan,nan,nan,nan,nan
nan,nan,nan,nan,nan,nan,nan,nan,nan,nan,nan,nan,nan,nan,nan,nan,nan,nan,nan,nan,nan,nan,nan,nan,nan,-3.703340053558349609e+00,-4.984717369079589844e+00,-8.976428031921386719e+00,-8.681016921997070312e+00,-6.002767086029052734e+00,-5.935998439788818359e+00,-8.122539520263671875e+00,-2.546036481857299805e+00,-6.937849044799804688e+00,-1.233111572265625000e+01,-1.218042755126953125e+01,-1.073564338684082031e+01,-9.886772155761718750e+00,-9.581331253051757812e+00,-8.355612754821777344e+00,-6.227976799011230469e+00,-5.396374702453613281e+00,-4.757969856262207031e+00,-6.280529499053955078e+00,-5.756388187408447266e+00,-7.145178794860839844e+00,-9.593562126159667969e+00,-1.123404216766357422e+01,-1.001005840301513672e+01,-1.213559269905090332e+00,-4.125455379486083984e+00,-5.857906818389892578e+00,nan,nan,nan,nan,nan,nan,nan,nan,nan,nan,nan,nan,nan,nan,nan,nan,nan,nan,nan,nan,nan,nan,nan,nan,nan,nan,nan,nan,nan,nan,nan,nan,nan,nan,nan,nan,nan,nan,nan,nan,nan,nan,nan,nan,-9.755029678344726562e+00,1.519570052623748779e-01,-1.884009742736816406e+01,-1.922312355041503906e+01,-1.759525871276855469e+01,-1.116494655609130859e+01,1.227801132202148438e+01,-2.548360347747802734e+00,-8.026810884475708008e-01,nan,nan,nan,nan,nan,nan,nan,nan,nan,nan,nan,nan,nan,nan,nan,nan,nan,nan,nan,nan
nan,nan,nan,nan,nan,nan,nan,nan,nan,nan,nan,nan,nan,nan,nan,nan,nan,nan,nan,nan,nan,nan,nan,nan,nan,-3.678241729736328125e+00,-4.288577556610107422e+00,-8.914814949035644531e+00,-6.512514591217041016e+00,-6.394429683685302734e+00,-5.522314548492431641e+00,-6.868084907531738281e+00,-8.735566139221191406e+00,-9.961084365844726562e+00,-1.572462177276611328e+01,-1.655776405334472656e+01,-1.433484649658203125e+01,-1.328765106201171875e+01,-1.012593746185302734e+01,-8.846940994262695312e+00,-6.102664947509765625e+00,-5.055275440216064453e+00,-4.816657066345214844e+00,-5.786090850830078125e+00,-6.154588222503662109e+00,-6.935672283172607422e+00,-8.560631752014160156e+00,-9.457740783691406250e+00,-1.054858779907226562e+01,-2.775295019149780273e+00,nan,nan,nan,nan,nan,nan,nan,nan,nan,nan,nan,nan,nan,nan,nan,nan,nan,nan,nan,nan,nan,nan,nan,nan,nan,nan,nan,nan,nan,nan,nan,nan,nan,nan,nan,nan,nan,nan,nan,nan,nan,nan,nan,nan,nan,nan,nan,-5.466588497161865234e+00,-2.848427772521972656e+00,-1.212992286682128906e+01,-1.117237663269042969e+01,-5.063035964965820312e+00,-6.597360968589782715e-01,1.205612564086914062e+01,nan,nan,nan,nan,nan,nan,nan,nan,nan,nan,nan,nan,nan,nan,nan,nan,nan,nan,nan,nan,nan
nan,nan,nan,nan,nan,nan,nan,nan,nan,nan,nan,nan,nan,nan,nan,nan,nan,nan,nan,nan,nan,nan,nan,nan,nan,-3.888823747634887695e+00,-5.827626228332519531e+00,-7.791694641113281250e+00,-7.064870834350585938e+00,-8.038431167602539062e+00,-9.026795387268066406e+00,-1.241338348388671875e+01,-1.551557540893554688e+01,-1.453205204010009766e+01,-1.369696235656738281e+01,-1.618016242980957031e+01,-1.595732116699218750e+01,-1.328582859039306641e+01,-1.009366512298583984e+01,-9.788916587829589844e+00,-8.528362274169921875e+00,-6.101326942443847656e+00,-3.981842041015625000e+00,-5.107889652252197266e+00,-6.023755073547363281e+00,-6.406983375549316406e+00,-6.856374263763427734e+00,-8.321202278137207031e+00,-6.541380405426025391e+00,-1.439388543367385864e-01,nan,nan,nan,nan,nan,nan,nan,nan,nan,nan,nan,nan,nan,nan,nan,nan,nan,nan,nan,nan,nan,nan,nan,nan,nan,nan,nan,nan,nan,nan,nan,nan,nan,nan,nan,nan,nan,nan,nan,nan,nan,nan,nan,nan,nan,nan,nan,nan,-2.625042676925659180e+00,1.444091081619262695e+00,-1.296376705169677734e+00,-2.959764003753662109e+00,-3.690631866455078125e+00,1.771019458770751953e+00,nan,nan,nan,nan,nan,nan,nan,nan,nan,nan,nan,nan,nan,nan,nan,nan,nan,nan,nan,nan,nan
nan,nan,nan,nan,nan,nan,nan,nan,nan,nan,nan,nan,nan,nan,nan,nan,nan,nan,nan,nan,nan,nan,nan,nan,nan,-7.343549251556396484e+00,-5.288154125213623047e+00,-7.113238334655761719e+00,-8.409552574157714844e+00,-1.123859119415283203e+01,-1.603277015686035156e+01,-1.756980323791503906e+01,-1.747251892089843750e+01,-1.646991348266601562e+01,-1.664541816711425781e+01,-1.759881591796875000e+01,-1.594585132598876953e+01,-1.331017684936523438e+01,-1.128660869598388672e+01,-1.016554641723632812e+01,-9.823235511779785156e+00,-6.587996006011962891e+00,-7.211908340454101562e+00,-6.252033233642578125e+00,-6.848600864410400391e+00,-5.810287475585937500e+00,-6.157596588134765625e+00,-5.541173934936523438e+00,7.491170167922973633e-01,4.901514530181884766e+00,-2.216549634933471680e+00,nan,nan,nan,nan,nan,nan,nan,nan,nan,nan,nan,nan,nan,nan,nan,nan,nan,nan,nan,nan,nan,nan,nan,nan,nan,nan,nan,nan,nan,nan,nan,nan,nan,nan,nan,nan,nan,nan,nan,nan,nan,nan,nan,nan,nan,nan,nan,2.876200305763632059e-04,-2.307185888290405273e+00,-2.966248035430908203e+00,-4.783591270446777344e+00,-1.111397862434387207e+00,1.651101708412170410e+00,7.519155144691467285e-01,4.466053962707519531e+00,nan,nan,nan,nan,nan,nan,nan,nan,nan,nan,nan,nan,nan,nan,nan,nan,nan,nan,nan
nan,nan,nan,nan,nan,nan,nan,nan,nan,nan,nan,nan,nan,nan,nan,nan,nan,nan,nan,nan,nan,nan,nan,nan,nan,nan,-8.713141441345214844e+00,-6.063675403594970703e+00,-9.303976058959960938e+00,-1.302935886383056641e+01,-1.740142250061035156e+01,-1.704027938842773438e+01,-1.657994842529296875e+01,-1.863697433471679688e+01,-1.775409698486328125e+01,-1.827657508850097656e+01,-1.755504226684570312e+01,-1.584128475189208984e+01,-1.230001544952392578e+01,-1.085706520080566406e+01,-1.056277561187744141e+01,-8.468870162963867188e+00,-1.002058506011962891e+01,-9.581777572631835938e+00,-5.500957965850830078e+00,-5.713326454162597656e+00,-4.956187248229980469e+00,-3.208551645278930664e+00,2.628620862960815430e+00,1.026661968231201172e+01,nan,nan,nan,nan,nan,nan,nan,nan,nan,nan,nan,nan,nan,nan,nan,nan,nan,nan,nan,nan,nan,nan,nan,nan,nan,nan,nan,nan,nan,nan,nan,nan,nan,nan,nan,nan,nan,nan,nan,nan,nan,nan,nan,nan,nan,nan,nan,nan,9.491578340530395508e-01,4.219911992549896240e-02,5.843804359436035156e+00,6.078448295593261719e+00,7.789923191070556641e+00,8.875847816467285156e+00,-2.454356193542480469e+00,5.511048316955566406e+00,nan,nan,nan,nan,nan,nan,nan,nan,nan,nan,nan,nan,nan,nan,nan,nan,nan,nan,nan
nan,nan,nan,nan,nan,nan,nan,nan,nan,nan,nan,nan,nan,nan,nan,nan,nan,nan,nan,nan,nan,nan,nan,nan,nan,nan,-9.489173889160156250e+00,-1.074049282073974609e+01,-9.421589851379394531e+00,-1.608689689636230469e+01,-1.796233940124511719e+01,-1.758585357666015625e+01,-1.830482482910156250e+01,-1.906153678894042969e+01,-2.078703689575195312e+01,-2.118157958984375000e+01,-1.940740203857421875e+01,-1.700299263000488281e+01,-1.347359943389892578e+01,-1.230720138549804688e+01,-9.898033142089843750e+00,-8.824835777282714844e+00,-8.108597755432128906e+00,-6.890972137451171875e+00,-4.513000011444091797e+00,-3.024256229400634766e+00,-3.158533573150634766e+00,-6.120890378952026367e-01,4.565524101257324219e+00,7.498532295227050781e+00,nan,nan,nan,nan,nan,nan,nan,nan,nan,nan,nan,nan,nan,nan,nan,nan,nan,nan,nan,nan,nan,nan,nan,nan,nan,nan,nan,nan,nan,nan,nan,nan,nan,nan,nan,nan,nan,nan,nan,nan,nan,nan,nan,nan,nan,nan,nan,-2.550359070301055908e-01,9.594494700431823730e-01,2.442469120025634766e+00,5.581526756286621094e+00,4.074293613433837891e+00,8.955200195312500000e+00,1.366932678222656250e+01,1.534792327880859375e+01,7.562583446502685547e+00,nan,nan,nan,nan,nan,nan,nan,nan,nan,nan,nan,nan,nan,nan,nan,nan,nan,nan,nan
nan,nan,nan,nan,nan,nan,nan,nan,nan,nan,nan,nan,nan,nan,nan,nan,nan,nan,nan,nan,nan,nan,nan,nan,nan,nan,nan,nan,-1.334197330474853516e+01,-1.630224227905273438e+01,-2.083941078186035156e+01,-1.940013504028320312e+01,-2.039330863952636719e+01,-2.166539382934570312e+01,-2.157612037658691406e+01,-2.246971702575683594e+01,-2.063412094116210938e+01,-1.804573631286621094e+01,-1.586709785461425781e+01,-1.386426925659179688e+01,-1.160861778259277344e+01,-8.162863731384277344e+00,-6.765765666961669922e+00,-5.790766716003417969e+00,-2.324718952178955078e+00,-1.082429051399230957e+00,5.199578031897544861e-02,2.196645498275756836e+00,4.115760803222656250e+00,5.612586021423339844e+00,nan,nan,nan,nan,nan,nan,nan,nan,nan,nan,nan,nan,nan,nan,nan,nan,nan,nan,nan,nan,nan,nan,nan,nan,nan,nan,nan,nan,nan,nan,nan,nan,nan,nan,nan,nan,nan,nan,nan,nan,nan,nan,nan,nan,nan,nan,nan,6.253419518470764160e-01,-1.311486482620239258e+00,-4.098037719726562500e+00,-7.351078391075134277e-01,1.236120700836181641e+00,9.103959083557128906e+00,1.465510749816894531e+01,8.792927742004394531e+00,9.301666259765625000e+00,nan,nan,nan,nan,nan,nan,nan,nan,nan,nan,nan,nan,nan,nan,nan,nan,nan,nan,nan
nan,nan,nan,nan,nan,nan,nan,nan,nan,nan,nan,nan,nan,nan,nan,nan,nan,nan,nan,nan,nan,nan,nan,nan,nan,nan,nan,nan,nan,nan,nan,nan,-2.059023094177246094e+01,-2.143586921691894531e+01,-2.091988372802734375e+01,-2.253222846984863281e+01,-2.177578544616699219e+01,-2.037097740173339844e+01,-1.701515388488769531e+01,-1.429166412353515625e+01,-1.188697814941406250e+01,-7.861858844757080078e+00,-5.728268623352050781e+00,-4.772257328033447266e+00,-4.955351352691650391e+00,-2.392211914062500000e+00,3.016006052494049072e-01,-1.882023811340332031e-01,2.041252553462982178e-01,-7.654100656509399414e-01,nan,nan,nan,nan,nan,nan,nan,nan,nan,nan,nan,nan,nan,nan,nan,nan,nan,nan,nan,nan,nan,nan,nan,nan,nan,nan,nan,nan,nan,nan,nan,nan,nan,nan,nan,nan,nan,nan,nan,nan,nan,nan,nan,nan,nan,nan,nan,8.034571409225463867e-01,-1.368858218193054199e+00,-1.206207513809204102e+00,1.472197055816650391e+00,2.324589014053344727e+00,8.822537422180175781e+00,-3.893115043640136719e+00,3.861351728439331055e+00,1.614947128295898438e+01,1.223514556884765625e+01,nan,nan,nan,nan,nan,nan,nan,nan,nan,nan,nan,nan,nan,nan,nan,nan,nan,nan
nan,nan,nan,nan,nan,nan,nan,nan,nan,nan,nan,nan,nan,nan,nan,nan,nan,nan,nan,nan,nan,nan,nan,nan,nan,nan,nan,nan,nan,nan,nan,nan,-1.967450904846191406e+01,-2.054034996032714844e+01,-1.856066131591796875e+01,-2.301717376708984375e+01,-2.243517303466796875e+01,-2.151930809020996094e+01,-1.908495330810546875e+01,-1.480690097808837891e+01,-1.153612518310546875e+01,-9.251134872436523438e+00,-5.784116744995117188e+00,-5.602153778076171875e+00,-4.147882461547851562e+00,-2.865036964416503906e+00,-5.908886194229125977e-01,-2.195102721452713013e-01,3.403965830802917480e-01,8.454000353813171387e-01,nan,nan,nan,nan,nan,nan,nan,nan,nan,nan,nan,nan,nan,nan,nan,nan,nan,nan,nan,nan,nan,nan,nan,nan,nan,nan,nan,nan,nan,nan,nan,nan,nan,nan,nan,nan,nan,nan,nan,nan,nan,nan,nan,nan,nan,nan,nan,nan,-1.536114335060119629e+00,-4.336163103580474854e-01,2.945308923721313477e+00,6.412751674652099609e+00,3.037219285964965820e+00,-2.305959701538085938e+00,7.736324787139892578e+00,1.269449329376220703e+01,1.903418159484863281e+01,1.505900001525878906e+01,1.631296348571777344e+01,nan,nan,nan,nan,nan,nan,nan,nan,nan,nan,nan,nan,nan,nan,nan,nan
nan,nan,nan,nan,nan,nan,nan,nan,nan,nan,nan,nan,nan,nan,nan,nan,nan,nan,nan,nan,nan,nan,nan,nan,nan,nan,nan,nan,nan,nan,nan,nan,nan,-2.052355384826660156e+01,-2.047502517700195312e+01,-2.156592369079589844e+01,-2.417376136779785156e+01,-1.833979988098144531e+01,-2.114217758178710938e+01,-1.814122962951660156e+01,-1.340483951568603516e+01,-1.067615509033203125e+01,-8.730390548706054688e+00,-5.313930511474609375e+00,-1.808939337730407715e+00,-2.619129121303558350e-01,9.909003973007202148e-02,5.871924757957458496e-01,1.361948531121015549e-02,nan,nan,nan,nan,nan,nan,nan,nan,nan,nan,nan,nan,nan,nan,nan,nan,nan,nan,nan,nan,nan,nan,nan,nan,nan,nan,nan,nan,nan,nan,nan,nan,nan,nan,nan,nan,nan,nan,nan,nan,nan,nan,nan,nan,nan,nan,nan,nan,nan,2.321761608123779297e+00,-1.293755173683166504e+00,4.314570426940917969e+00,6.251192569732666016e+00,5.847071647644042969e+00,1.205264759063720703e+01,1.833376693725585938e+01,2.225103378295898438e+01,2.158076667785644531e+01,2.204377937316894531e+01,1.782632064819335938e+01,1.819218826293945312e+01,nan,nan,nan,nan,nan,nan,nan,nan,nan,nan,nan,nan,nan,nan,nan
nan,nan,nan,nan,nan,nan,nan,nan,nan,nan,nan,nan,nan,nan,nan,nan,nan,nan,nan,nan,nan,nan,nan,nan,nan,nan,nan,nan,nan,nan,nan,nan,nan,nan,nan,nan,-1.921760559082031250e+01,-1.630540084838867188e+01,-2.105080223083496094e+01,-1.987655067443847656e+01,-1.681821632385253906e+01,-1.244465160369873047e+01,-7.319339275360107422e+00,-2.985995292663574219e+00,-1.911769747734069824e+00,-1.365796446800231934e+00,1.780225038528442383e+00,-8.153735995292663574e-01,nan,nan,nan,nan,nan,nan,nan,nan,nan,nan,nan,nan,nan,nan,nan,nan,nan,nan,nan,nan,nan,nan,nan,nan,nan,nan,nan,nan,nan,nan,nan,nan,nan,nan,nan,nan,nan,nan,nan,nan,nan,nan,nan,nan,nan,nan,nan,nan,nan,nan,nan,-2.020754473051056266e-04,2.394905328750610352e+00,6.183277130126953125e+00,7.699801445007324219e+00,1.281466579437255859e+01,1.824954223632812500e+01,1.958108329772949219e+01,2.081067466735839844e+01,2.101986694335937500e+01,6.546226501464843750e+00,6.690255641937255859e+00,nan,nan,nan,nan,nan,nan,nan,nan,nan,nan,nan,nan,nan,nan,nan
nan,nan,nan,nan,nan,nan,nan,nan,nan,nan,nan,nan,nan,nan,nan,nan,nan,nan,nan,nan,nan,nan,nan,nan,nan,nan,nan,nan,nan,nan,nan,nan,nan,nan,nan,nan,nan,-1.789168548583984375e+01,-2.078554916381835938e+01,-1.973032379150390625e+01,-1.381282711029052734e+01,-8.675812721252441406e+00,-3.330783545970916748e-01,-1.994516134262084961e+00,-3.094311714172363281e+00,1.820542812347412109e+00,-1.701516628265380859e+00,nan,nan,nan,nan,nan,nan,nan,nan,nan,nan,nan,nan,nan,nan,nan,nan,nan,nan,nan,nan,nan,nan,nan,nan,nan,nan,nan,nan,nan,nan,nan,nan,nan,nan,nan,nan,nan,nan,nan,nan,nan,nan,nan,nan,nan,nan,nan,nan,nan,nan,nan,nan,5.851327896118164062e+00,-4.954683780670166016e+00,5.842124462127685547e+00,1.261966991424560547e+01,1.250622558593750000e+01,1.317987442016601562e+01,1.555138397216796875e+01,1.737656593322753906e+01,1.966038703918457031e+01,9.819171905517578125e+00,1.871355438232421875e+01,nan,nan,nan,nan,nan,nan,nan,nan,nan,nan,nan,nan,nan,nan,nan
nan,nan,nan,nan,nan,nan,nan,nan,nan,nan,nan,nan,nan,nan,nan,nan,nan,nan,nan,nan,nan,nan,nan,nan,nan,nan,nan,nan,nan,nan,nan,nan,nan,nan,nan,nan,nan,nan,nan,-1.427470588684082031e+01,-7.543917179107666016e+00,-1.013109970092773438e+01,-8.097078323364257812e+00,nan,nan,nan,nan,nan,nan,nan,nan,nan,nan,nan,nan,nan,nan,nan,nan,nan,nan,nan,nan,nan,nan,nan,nan,nan,nan,nan,nan,nan,nan,nan,nan,nan,nan,nan,nan,nan,nan,nan,nan,nan,nan,nan,nan,nan,nan,nan,nan,nan,nan,nan,nan,nan,nan,nan,nan,7.337189674377441406e+00,-3.179677248001098633e+00,6.948886871337890625e+00,1.324503993988037109e+01,1.501248359680175781e+01,1.250806045532226562e+01,1.780224227905273438e+01,2.715491294860839844e+01,2.844400405883789062e+01,2.033318710327148438e+01,1.896940612792968750e+01,nan,nan,nan,nan,nan,nan,nan,nan,nan,nan,nan,nan,nan,nan,nan
nan,nan,nan,nan,nan,nan,nan,nan,nan,nan,nan,nan,nan,nan,nan,nan,nan,nan,nan,nan,nan,nan,nan,nan,nan,nan,nan,nan,nan,nan,nan,nan,nan,nan,nan,nan,nan,nan,nan,nan,nan,nan,nan,nan,nan,nan,nan,nan,nan,nan,nan,nan,nan,nan,nan,nan,nan,nan,nan,nan,nan,nan,nan,nan,nan,nan,nan,nan,nan,nan,nan,nan,nan,nan,nan,nan,nan,nan,nan,nan,nan,nan,nan,nan,nan,nan,nan,nan,nan,nan,nan,nan,nan,nan,nan,nan,nan,nan,nan,nan,-2.724438905715942383e+00,7.510697364807128906e+00,1.307379436492919922e+01,1.768917846679687500e+01,1.525194263458251953e+01,1.614357566833496094e+01,2.491827583312988281e+01,2.954943275451660156e+01,2.680977439880371094e+01,1.474565410614013672e+01,1.974506187438964844e+01,1.861839866638183594e+01,nan,nan,nan,nan,nan,nan,nan,nan,nan,nan,nan,nan,nan
nan,nan,nan,nan,nan,nan,nan,nan,nan,nan,nan,nan,nan,nan,nan,nan,nan,nan,nan,nan,nan,nan,nan,nan,nan,-2.102791786193847656e+01,-2.078046798706054688e+01,nan,nan,nan,nan,nan,nan,nan,nan,nan,nan,nan,nan,nan,nan,nan,nan,nan,nan,nan,nan,nan,nan,nan,nan,nan,nan,nan,nan,nan,nan,nan,nan,nan,nan,nan,nan,nan,nan,nan,nan,nan,nan,nan,nan,nan,nan,nan,nan,nan,nan,nan,nan,nan,nan,nan,nan,nan,nan,nan,nan,nan,nan,nan,nan,nan,nan,nan,nan,nan,nan,nan,7.826627254486083984e+00,8.975711822509765625e+00,1.061460208892822266e+01,1.404966354370117188e+01,1.875161933898925781e+01,1.876278305053710938e+01,1.318863964080810547e+01,2.127558135986328125e+01,2.202928733825683594e+01,1.956937980651855469e+01,1.777122688293457031e+01,2.000840950012207031e+01,1.886356544494628906e+01,2.076657676696777344e+01,nan,nan,nan,nan,nan,nan,nan,nan,nan,nan,nan,nan,nan
nan,nan,nan,nan,nan,nan,nan,nan,nan,nan,nan,nan,nan,nan,nan,nan,nan,nan,nan,nan,nan,nan,nan,nan,-2.174220848083496094e+01,-3.086000061035156250e+01,-2.207899856567382812e+01,nan,nan,nan,nan,nan,nan,nan,nan,nan,nan,nan,nan,nan,nan,nan,nan,nan,nan,nan,nan,nan,nan,nan,nan,nan,nan,nan,nan,nan,nan,nan,nan,nan,nan,nan,nan,nan,nan,nan,nan,nan,nan,nan,nan,nan,nan,nan,nan,nan,nan,nan,nan,nan,nan,nan,nan,nan,nan,nan,nan,nan,nan,nan,nan,nan,nan,nan,nan,nan,nan,nan,nan,nan,1.794830513000488281e+01,1.753060150146484375e+01,1.617000770568847656e+01,1.633307266235351562e+01,1.475170612335205078e+01,1.432271003723144531e+01,1.993368911743164062e+01,1.466577911376953125e+01,1.954154777526855469e+01,2.217356491088867188e+01,1.457600593566894531e+01,1.082551670074462891e+01,nan,nan,nan,nan,nan,nan,nan,nan,nan,nan,nan,nan,nan
nan,nan,nan,nan,nan,nan,nan,nan,nan,nan,nan,nan,nan,nan,nan,nan,nan,nan,nan,nan,nan,nan,nan,nan,-2.211704444885253906e+01,-2.254473114013671875e+01,-1.382957267761230469e+01,-2.047531509399414062e+01,nan,nan,nan,nan,nan,nan,nan,nan,nan,nan,nan,nan,nan,nan,nan,nan,nan,nan,nan,nan,nan,nan,nan,nan,nan,nan,nan,nan,nan,nan,nan,nan,nan,nan,nan,nan,nan,nan,nan,nan,nan,nan,nan,nan,nan,nan,nan,nan,nan,nan,nan,nan,nan,nan,nan,nan,nan,nan,nan,nan,nan,nan,nan,nan,nan,nan,nan,nan,nan,nan,nan,9.293140411376953125e+00,8.765421867370605469e+00,8.393031120300292969e+00,1.145146369934082031e+01,1.138846492767333984e+01,1.384673881530761719e+01,1.686802101135253906e+01,2.147486877441406250e+01,2.458871078491210938e+01,2.411265182495117188e+01,2.430157852172851562e+01,1.635224723815917969e+01,7.032394886016845703e+00,1.691818046569824219e+01,nan,nan,nan,nan,nan,nan,nan,nan,nan,nan,nan,nan
nan,nan,nan,nan,nan,nan,nan,nan,nan,nan,nan,nan,nan,nan,nan,nan,nan,nan,nan,nan,nan,nan,nan,-2.272916030883789062e+01,-2.066532325744628906e+01,-1.814252662658691406e+01,-1.825888442993164062e+01,-1.481595134735107422e+01,nan,nan,nan,nan,nan,nan,nan,nan,nan,nan,nan,nan,nan,nan,nan,nan,nan,nan,nan,nan,nan,nan,nan,nan,nan,nan,nan,nan,nan,nan,nan,nan,nan,nan,nan,nan,nan,nan,nan,nan,nan,nan,nan,nan,nan,nan,nan,nan,nan,nan,nan,nan,nan,nan,nan,nan,nan,nan,nan,nan,nan,nan,nan,nan,nan,nan,nan,nan,nan,nan,nan,8.989893913269042969e+00,3.623297929763793945e+00,5.212738990783691406e+00,7.836127758026123047e+00,6.932289123535156250e+00,1.244875144958496094e+01,1.505766868591308594e+01,2.428086280822753906e+01,2.985385131835937500e+01,3.003687095642089844e+01,2.293128585815429688e+01,2.021444129943847656e+01,1.705563545227050781e+01,1.811014175415039062e+01,1.543192481994628906e+01,nan,nan,nan,nan,nan,nan,nan,nan,nan,nan,nan
nan,nan,nan,nan,nan,nan,nan,nan,nan,nan,nan,nan,nan,nan,nan,nan,nan,nan,nan,nan,nan,nan,nan,nan,-2.672567558288574219e+01,-2.304058265686035156e+01,-1.831262207031250000e+01,-1.606650733947753906e+01,nan,nan,nan,nan,nan,nan,nan,nan,nan,nan,nan,nan,nan,nan,nan,nan,nan,nan,nan,nan,nan,nan,nan,nan,nan,nan,nan,nan,nan,nan,nan,nan,nan,nan,nan,nan,nan,nan,nan,nan,nan,nan,nan,nan,nan,nan,nan,nan,nan,nan,nan,nan,nan,nan,nan,nan,nan,nan,nan,nan,nan,nan,nan,nan,nan,nan,nan,nan,nan,nan,8.842171669006347656e+00,8.449032783508300781e+00,8.397571563720703125e+00,-2.526259515434503555e-03,1.649746060371398926e+00,8.410907983779907227e-01,5.873410701751708984e+00,1.688576507568359375e+01,2.372770118713378906e+01,3.289785766601562500e+01,1.454154872894287109e+01,1.473865318298339844e+01,1.938489532470703125e+01,1.813581657409667969e+01,1.460613822937011719e+01,2.327953910827636719e+01,nan,nan,nan,nan,nan,nan,nan,nan,nan,nan,nan
nan,nan,nan,nan,nan,nan,nan,nan,nan,nan,nan,nan,nan,nan,nan,nan,nan,nan,nan,nan,nan,nan,nan,-2.380489349365234375e+01,-2.422640609741210938e+01,-2.275974464416503906e+01,-3.582761764526367188e+01,-2.211510658264160156e+01,-1.725710868835449219e+01,-1.544169807434082031e+01,-1.494887113571166992e+00,-1.704507827758789062e+01,-1.517447662353515625e+01,nan,nan,nan,nan,nan,nan,nan,nan,nan,nan,nan,nan,nan,nan,nan,nan,nan,nan,nan,nan,nan,nan,nan,nan,nan,nan,nan,nan,nan,nan,nan,nan,nan,nan,nan,nan,nan,nan,nan,nan,nan,nan,nan,nan,nan,nan,nan,nan,nan,nan,nan,nan,nan,nan,nan,nan,nan,nan,nan,nan,nan,nan,nan,nan,nan,nan,nan,nan,7.333072662353515625e+00,8.304231643676757812e+00,-2.705860137939453125e+00,-4.345755100250244141e+00,6.530295372009277344e+00,8.991649627685546875e+00,6.921538829803466797e+00,5.324037551879882812e+00,7.422345638275146484e+00,1.381721687316894531e+01,1.879622077941894531e+01,4.404824733734130859e+00,1.234139633178710938e+01,nan,nan,nan,nan,nan,nan,nan,nan,nan,nan,nan
nan,nan,nan,nan,nan,nan,nan,nan,nan,nan,nan,nan,nan,nan,nan,nan,nan,nan,nan,nan,nan,nan,nan,-2.486576461791992188e+01,-1.841770935058593750e+01,-2.323622131347656250e+01,-2.868900871276855469e+01,-2.567339324951171875e+01,-2.148728942871093750e+01,-1.924236488342285156e+01,-7.366660594940185547e+00,-1.735911560058593750e+01,nan,nan,nan,nan,nan,nan,nan,nan,nan,nan,nan,nan,nan,nan,nan,nan,nan,nan,nan,nan,nan,nan,nan,nan,nan,nan,nan,nan,nan,nan,nan,nan,nan,nan,nan,nan,nan,nan,nan,nan,nan,nan,nan,nan,nan,nan,nan,nan,nan,nan,nan,nan,nan,nan,nan,nan,nan,nan,nan,nan,nan,nan,nan,nan,nan,nan,nan,nan,nan,5.250665187835693359e+00,nan,nan,nan,6.617337226867675781e+00,3.058560848236083984e+00,nan,nan,1.973070526123046875e+01,1.923197364807128906e+01,1.501531124114990234e+01,-1.853024587035179138e-02,nan,nan,nan,nan,nan,nan,nan,nan,nan,nan,nan,nan
nan,nan,nan,nan,nan,nan,nan,nan,nan,nan,nan,nan,nan,nan,nan,nan,nan,nan,nan,nan,nan,nan,nan,-2.743018913269042969e+01,-2.246006011962890625e+01,-3.041937637329101562e+01,-2.829243278503417969e+01,-3.039941596984863281e+01,-2.676184082031250000e+01,-2.074394607543945312e+01,-1.749330902099609375e+01,-1.783998107910156250e+01,nan,nan,nan,nan,nan,nan,nan,nan,nan,nan,nan,nan,nan,nan,nan,nan,nan,nan,nan,nan,nan,nan,nan,nan,nan,nan,nan,nan,nan,nan,nan,nan,nan,nan,nan,nan,nan,nan,nan,nan,nan,nan,nan,nan,nan,nan,nan,nan,nan,nan,nan,nan,nan,nan,nan,nan,nan,nan,nan,nan,nan,nan,nan,nan,nan,nan,nan,nan,nan,nan,nan,nan,nan,2.509340047836303711e+00,9.330601692199707031e-01,nan,nan,1.435021305084228516e+01,1.768418693542480469e+01,1.152466201782226562e+01,-3.084118664264678955e-01,nan,nan,nan,nan,nan,nan,nan,nan,nan,nan,nan,nan
nan,nan,nan,nan,nan,nan,nan,nan,nan,nan,nan,nan,nan,nan,nan,nan,nan,nan,nan,nan,nan,nan,nan,nan,-1.813251113891601562e+01,-3.097098541259765625e+01,-2.769501495361328125e+01,-2.711512947082519531e+01,-2.353505134582519531e+01,-2.016776657104492188e+01,-1.785807609558105469e+01,-6.874806404113769531e+00,-1.616269111633300781e+01,nan,nan,nan,nan,nan,nan,nan,nan,nan,nan,nan,nan,nan,nan,nan,nan,nan,nan,nan,nan,nan,nan,nan,nan,nan,nan,nan,nan,nan,nan,nan,nan,nan,nan,nan,nan,nan,nan,nan,nan,nan,nan,nan,nan,nan,nan,nan,nan,nan,nan,nan,nan,nan,nan,nan,nan,nan,nan,nan,nan,nan,nan,nan,nan,nan,nan,nan,nan,nan,nan,nan,3.485484600067138672e+00,3.902862071990966797e+00,1.269977664947509766e+01,1.398497295379638672e+01,1.307192325592041016e+01,1.638161468505859375e+01,-3.854994535446166992e+00,-2.343245983123779297e+00,7.957515239715576172e+00,4.944950103759765625e+00,4.946670532226562500e+00,nan,nan,nan,nan,nan,nan,nan,nan,nan,nan
nan,nan,nan,nan,nan,nan,nan,nan,nan,nan,nan,nan,nan,nan,nan,nan,nan,nan,nan,nan,nan,nan,nan,-2.916249084472656250e+01,-2.784508132934570312e+01,-2.502549171447753906e+01,-3.024920654296875000e+01,-2.688190460205078125e+01,-2.294098854064941406e+01,-1.935566711425781250e+01,-1.140740108489990234e+01,-1.470256042480468750e+01,-1.632924842834472656e+01,nan,nan,nan,nan,nan,nan,nan,nan,nan,nan,nan,nan,nan,nan,nan,nan,nan,nan,nan,nan,nan,nan,nan,nan,nan,nan,nan,nan,nan,nan,nan,nan,nan,nan,nan,nan,nan,nan,nan,nan,nan,nan,nan,nan,nan,nan,nan,nan,nan,nan,nan,nan,nan,nan,nan,nan,nan,nan,nan,nan,nan,nan,nan,nan,nan,nan,nan,nan,nan,nan,nan,nan,2.289830148220062256e-01,8.340743064880371094e+00,1.292564105987548828e+01,1.704227447509765625e+01,3.390168428421020508e+00,4.423408508300781250e+00,6.161464214324951172e+00,4.654561519622802734e+00,2.139330387115478516e+00,nan,nan,nan,nan,nan,nan,nan,nan,nan,nan,nan
nan,nan,nan,nan,nan,nan,nan,nan,nan,nan,nan,nan,nan,nan,nan,nan,nan,nan,nan,nan,nan,nan,nan,-2.740378761291503906e+01,-4.865052795410156250e+01,-2.371541404724121094e+01,-2.948465538024902344e+01,-3.027489089965820312e+01,-2.390081024169921875e+01,-2.178542900085449219e+01,-1.386159801483154297e+01,-8.848527908325195312e+00,nan,nan,nan,nan,nan,nan,nan,nan,nan,nan,nan,nan,nan,nan,nan,nan,nan,nan,nan,nan,nan,nan,nan,nan,nan,nan,nan,nan,nan,nan,nan,nan,nan,nan,nan,nan,nan,nan,nan,nan,nan,nan,nan,nan,nan,nan,nan,nan,nan,nan,nan,nan,nan,nan,nan,nan,nan,nan,nan,nan,nan,nan,nan,nan,nan,nan,nan,nan,nan,nan,nan,nan,nan,-2.810971021652221680e+00,-6.589285373687744141e+00,-4.100124835968017578e+00,4.245385169982910156e+00,-1.355631232261657715e+00,-3.118365764617919922e+00,-6.049933433532714844e+00,4.774928569793701172e+00,-8.744472861289978027e-01,nan,nan,nan,nan,nan,nan,nan,nan,nan,nan,nan
nan,nan,nan,nan,nan,nan,nan,nan,nan,nan,nan,nan,nan,nan,nan,nan,nan,nan,nan,nan,nan,nan,nan,-5.879222488403320312e+01,-4.847325897216796875e+01,-3.853333663940429688e+01,-3.386326980590820312e+01,-2.652970886230468750e+01,-2.515943717956542969e+01,-2.256179428100585938e+01,-1.592601776123046875e+01,-1.833935928344726562e+01,nan,nan,nan,nan,nan,nan,nan,nan,nan,nan,nan,nan,nan,nan,nan,nan,nan,nan,nan,nan,nan,nan,nan,nan,nan,nan,nan,nan,nan,nan,nan,nan,nan,nan,nan,nan,nan,nan,nan,nan,nan,nan,nan,nan,nan,nan,nan,nan,nan,nan,nan,nan,nan,nan,nan,nan,nan,nan,nan,nan,nan,nan,nan,nan,nan,nan,nan,nan,nan,nan,nan,nan,nan,3.453958332538604736e-01,-1.095191669464111328e+01,-1.305800533294677734e+01,-1.545472812652587891e+01,-1.945414733886718750e+01,-1.841133689880371094e+01,-1.913594436645507812e+01,-4.590662956237792969e+00,nan,nan,nan,nan,nan,nan,nan,nan,nan,nan,nan,nan
nan,nan,nan,nan,nan,nan,nan,nan,nan,nan,nan,nan,nan,nan,nan,nan,nan,nan,nan,nan,nan,nan,nan,-2.314278221130371094e+01,-3.272435379028320312e+01,nan,-2.862636566162109375e+01,-2.082271003723144531e+01,-2.054311370849609375e+01,-2.085507774353027344e+01,-8.555965423583984375e+00,nan,nan,nan,nan,nan,nan,nan,nan,nan,nan,nan,nan,nan,nan,nan,nan,nan,nan,nan,nan,nan,nan,nan,nan,nan,nan,nan,nan,nan,nan,nan,nan,nan,nan,nan,nan,nan,nan,nan,nan,nan,nan,nan,nan,nan,nan,nan,nan,nan,nan,nan,nan,nan,nan,nan,nan,nan,nan,nan,nan,nan,nan,nan,nan,nan,nan,nan,nan,nan,nan,nan,nan,nan,-4.150549888610839844e+00,2.631189346313476562e+00,-4.309312820434570312e+00,-1.561327171325683594e+01,-1.896359825134277344e+01,-2.253064155578613281e+01,-2.097512245178222656e+01,-7.883662223815917969e+00,nan,nan,nan,nan,nan,nan,nan,nan,nan,nan,nan,nan,nan
nan,nan,nan,nan,nan,nan,nan,nan,nan,nan,nan,nan,nan,nan,nan,nan,nan,nan,nan,nan,nan,nan,nan,-5.656683921813964844e+00,-1.365050125122070312e+01,nan,-8.947980880737304688e+00,-1.906076431274414062e+01,-1.601245307922363281e+01,-1.779412651062011719e+01,-1.493394088745117188e+01,nan,nan,nan,nan,nan,nan,nan,nan,nan,nan,nan,nan,nan,nan,nan,nan,nan,nan,nan,nan,nan,nan,nan,nan,nan,nan,nan,nan,nan,nan,nan,nan,nan,nan,nan,nan,nan,nan,nan,nan,nan,nan,nan,nan,nan,nan,nan,nan,nan,nan,nan,nan,nan,nan,nan,nan,nan,nan,nan,nan,nan,nan,nan,nan,nan,nan,nan,nan,nan,nan,nan,nan,nan,-5.804918766021728516e+00,8.357799053192138672e-01,4.991258680820465088e-02,-1.432123851776123047e+01,-1.820358848571777344e+01,-1.510461902618408203e+01,-1.134976005554199219e+01,nan,nan,nan,nan,nan,nan,nan,nan,nan,nan,nan,nan,nan,nan
nan,nan,nan,nan,nan,nan,nan,nan,nan,nan,nan,nan,nan,nan,nan,nan,nan,nan,nan,nan,nan,nan,nan,1.886668801307678223e+00,1.170033097267150879e+00,-9.183976173400878906e+00,-8.846888542175292969e+00,-2.131405067443847656e+01,-1.805562400817871094e+01,-1.518446636199951172e+01,-1.759446334838867188e+01,-2.002151870727539062e+01,nan,nan,nan,nan,nan,nan,nan,nan,nan,nan,nan,nan,nan,nan,nan,nan,nan,nan,nan,nan,nan,nan,nan,nan,nan,nan,nan,nan,nan,nan,nan,nan,nan,nan,nan,nan,nan,nan,nan,nan,nan,nan,nan,nan,nan,nan,nan,nan,nan,nan,nan,nan,nan,nan,nan,nan,nan,nan,nan,nan,nan,nan,nan,nan,nan,nan,nan,nan,nan,nan,nan,nan,-7.262928485870361328e+00,nan,-4.323291301727294922e+00,-1.682173919677734375e+01,-1.403568553924560547e+01,-1.258902359008789062e+01,-6.976097583770751953e+00,nan,nan,nan,nan,nan,nan,nan,nan,nan,nan,nan,nan,nan,nan
nan,nan,nan,nan,nan,nan,nan,nan,nan,nan,nan,nan,nan,nan,nan,nan,nan,nan,nan,nan,nan,nan,nan,-9.088013768196105957e-01,-1.270249009132385254e+00,-1.381816864013671875e+01,-2.239440536499023438e+01,-2.734329986572265625e+01,-2.281086349487304688e+01,-1.418116855621337891e+01,-1.630483055114746094e+01,nan,nan,nan,nan,nan,nan,nan,nan,nan,nan,nan,nan,nan,nan,nan,nan,nan,nan,nan,nan,nan,nan,nan,nan,nan,nan,nan,nan,nan,nan,nan,nan,nan,nan,nan,nan,nan,nan,nan,nan,nan,nan,nan,nan,nan,nan,nan,nan,nan,nan,nan,nan,nan,nan,nan,nan,nan,nan,nan,nan,nan,nan,nan,nan,nan,nan,nan,nan,nan,nan,nan,nan,nan,-7.546935081481933594e+00,-8.701271057128906250e+00,-8.232559204101562500e+00,-3.190926074981689453e+00,-1.518728542327880859e+01,-1.559367942810058594e+01,-1.492687511444091797e+01,nan,nan,nan,nan,nan,nan,nan,nan,nan,nan,nan,nan,nan,nan
nan,nan,nan,nan,nan,nan,nan,nan,nan,nan,nan,nan,nan,nan,nan,nan,nan,nan,nan,nan,nan,-1.382939243316650391e+01,-1.412888431549072266e+01,-2.054434776306152344e+01,-2.278052330017089844e+01,-1.200733280181884766e+01,-3.481605529785156250e+01,-2.911742973327636719e+01,-2.680993843078613281e+01,-2.274168968200683594e+01,-2.307928466796875000e+01,nan,nan,nan,nan,nan,nan,nan,nan,nan,nan,nan,nan,nan,nan,nan,nan,nan,nan,nan,nan,nan,nan,nan,nan,nan,nan,nan,nan,nan,nan,nan,nan,nan,nan,nan,nan,nan,nan,nan,nan,nan,nan,nan,nan,nan,nan,nan,nan,nan,nan,nan,nan,nan,nan,nan,nan,nan,nan,nan,nan,nan,nan,nan,nan,nan,nan,nan,nan,nan,nan,nan,nan,nan,nan,nan,nan,-4.949731349945068359e+00,-8.061435699462890625e+00,-1.537879371643066406e+01,-1.312319755554199219e+01,-8.221459388732910156e+00,nan,nan,nan,nan,nan,nan,nan,nan,nan,nan,nan,nan,nan
nan,nan,nan,nan,nan,nan,nan,nan,nan,nan,nan,nan,nan,nan,nan,nan,nan,nan,nan,nan,nan,nan,-1.402814674377441406e+01,-2.245108032226562500e+01,-2.258165359497070312e+01,-2.584445571899414062e+01,-8.370000839233398438e+00,-2.539494514465332031e+01,-1.576152706146240234e+01,-3.403626632690429688e+01,nan,nan,nan,nan,nan,nan,nan,nan,nan,nan,nan,nan,nan,nan,nan,nan,nan,nan,nan,nan,nan,nan,nan,nan,nan,nan,nan,nan,nan,nan,nan,nan,nan,nan,nan,nan,nan,nan,nan,nan,nan,nan,nan,nan,nan,nan,nan,nan,nan,nan,nan,nan,nan,nan,nan,nan,nan,nan,nan,nan,nan,nan,nan,nan,nan,nan,nan,nan,nan,nan,nan,nan,nan,nan,nan,nan,nan,-4.779556274414062500e+00,-9.860285758972167969e+00,-1.831404209136962891e+00,-1.304239630699157715e+00,-5.389628887176513672e+00,nan,nan,nan,nan,nan,nan,nan,nan,nan,nan,nan,nan,nan
nan,nan,nan,nan,nan,nan,nan,nan,nan,nan,nan,nan,nan,nan,nan,nan,nan,nan,nan,nan,nan,nan,-1.548985385894775391e+01,-2.882662963867187500e+01,-2.929100990295410156e+01,-1.245065402984619141e+01,-9.088421821594238281e+00,-2.107512092590332031e+01,-3.851276397705078125e+01,-3.652993392944335938e+01,-2.713371658325195312e+01,nan,nan,nan,nan,nan,nan,nan,nan,nan,nan,nan,nan,nan,nan,nan,nan,nan,nan,nan,nan,nan,nan,nan,nan,nan,nan,nan,nan,nan,nan,nan,nan,nan,nan,nan,nan,nan,nan,nan,nan,nan,nan,nan,nan,nan,nan,nan,nan,nan,nan,nan,nan,nan,nan,nan,nan,nan,nan,nan,nan,nan,nan,nan,nan,nan,nan,nan,nan,nan,nan,nan,nan,nan,nan,nan,nan,nan,-4.534774780273437500e+00,-2.303951501846313477e+00,4.713654041290283203e+00,-2.390284538269042969e+00,nan,nan,nan,nan,nan,nan,nan,nan,nan,nan,nan,nan,nan
nan,nan,nan,nan,nan,nan,nan,nan,nan,nan,nan,nan,nan,nan,nan,nan,nan,nan,nan,nan,nan,nan,-1.759263420104980469e+01,-2.050086593627929688e+01,-1.625449371337890625e+01,-4.560801506042480469e+00,-1.045955300331115723e+00,-4.317411422729492188e+01,-3.989083862304687500e+01,-3.635131454467773438e+01,-2.805887603759765625e+01,nan,nan,nan,nan,nan,nan,nan,nan,nan,nan,nan,nan,nan,nan,nan,nan,nan,nan,nan,nan,nan,nan,nan,nan,nan,nan,nan,nan,nan,nan,nan,nan,nan,nan,nan,nan,nan,nan,nan,nan,nan,nan,nan,nan,nan,nan,nan,nan,nan,nan,nan,nan,nan,nan,nan,nan,nan,nan,nan,nan,nan,nan,nan,nan,nan,nan,nan,nan,nan,nan,nan,nan,nan,nan,nan,nan,nan,2.465479850769042969e+00,1.883729696273803711e+00,3.807045936584472656e+00,3.153248727321624756e-01,nan,nan,nan,nan,nan,nan,nan,nan,nan,nan,nan,nan,nan
nan,nan,nan,nan,nan,nan,nan,nan,nan,nan,nan,nan,nan,nan,nan,nan,nan,nan,nan,nan,nan,nan,nan,-2.286093330383300781e+01,7.178955078125000000e-01,-1.826965212821960449e+00,-2.776241111755371094e+01,-4.542363357543945312e+01,-4.212322998046875000e+01,-3.492516708374023438e+01,-2.379082107543945312e+01,-2.170223236083984375e+01,-1.115512561798095703e+01,-1.993518638610839844e+01,nan,nan,nan,nan,nan,nan,nan,nan,nan,nan,nan,nan,nan,nan,nan,nan,nan,nan,nan,nan,nan,nan,nan,nan,nan,nan,nan,nan,nan,nan,nan,nan,nan,nan,nan,nan,nan,nan,nan,nan,nan,nan,nan,nan,nan,nan,nan,nan,nan,nan,nan,nan,nan,nan,nan,nan,nan,nan,nan,nan,nan,nan,nan,nan,nan,nan,nan,nan,nan,nan,nan,5.069186687469482422e+00,2.101558923721313477e+00,5.436804294586181641e+00,7.878019809722900391e+00,1.061805915832519531e+01,nan,nan,nan,nan,nan,nan,nan,nan,nan,nan,nan,nan,nan,nan,nan
nan,nan,nan,nan,nan,nan,nan,nan,nan,nan,nan,nan,nan,nan,nan,nan,nan,nan,nan,nan,nan,nan,nan,-2.577023315429687500e+01,-6.479507923126220703e+00,-1.625487923622131348e+00,-4.950074768066406250e+01,-5.328645324707031250e+01,-4.328671264648437500e+01,-3.466580200195312500e+01,-3.023638534545898438e+01,-1.891960906982421875e+01,-1.867618942260742188e+01,-1.679407691955566406e+01,-1.582025432586669922e+01,nan,nan,nan,nan,nan,nan,nan,nan,nan,nan,nan,nan,nan,nan,nan,nan,nan,nan,nan,nan,nan,nan,nan,nan,nan,nan,nan,nan,nan,nan,nan,nan,nan,nan,nan,nan,nan,nan,nan,nan,nan,nan,nan,nan,nan,nan,nan,nan,nan,nan,nan,nan,nan,nan,nan,nan,nan,nan,nan,nan,nan,nan,nan,nan,nan,nan,nan,nan,nan,nan,1.158551573753356934e+00,2.958752393722534180e+00,9.878684043884277344e+00,4.965860843658447266e+00,2.278392314910888672e+00,nan,nan,nan,nan,nan,nan,nan,nan,nan,nan,nan,nan,nan,nan,nan
nan,nan,nan,nan,nan,nan,nan,nan,nan,nan,nan,nan,nan,nan,nan,nan,nan,nan,nan,nan,nan,nan,nan,nan,-1.437692356109619141e+01,-4.472217941284179688e+01,-4.754333114624023438e+01,-4.469659042358398438e+01,-3.489885711669921875e+01,-3.124156188964843750e+01,-2.851567459106445312e+01,-2.043243217468261719e+01,-1.829763984680175781e+01,-1.154477691650390625e+01,-1.387372493743896484e+00,nan,nan,nan,nan,nan,nan,nan,nan,nan,nan,nan,nan,nan,nan,nan,nan,nan,nan,nan,nan,nan,nan,nan,nan,nan,nan,nan,nan,nan,nan,nan,nan,nan,nan,nan,nan,nan,nan,nan,nan,nan,nan,nan,nan,nan,nan,nan,nan,nan,nan,nan,nan,nan,nan,nan,nan,nan,nan,nan,nan,nan,nan,nan,nan,nan,nan,nan,nan,nan,nan,3.128785610198974609e+00,4.377398014068603516e+00,1.038938236236572266e+01,1.267675971984863281e+01,1.364140892028808594e+01,nan,nan,nan,nan,nan,nan,nan,nan,nan,nan,nan,nan,nan,nan,nan
nan,nan,nan,nan,nan,nan,nan,nan,nan,nan,nan,nan,nan,nan,nan,nan,nan,nan,nan,nan,nan,nan,nan,-3.293906402587890625e+01,-3.357767868041992188e+01,-4.518363571166992188e+01,-3.570676040649414062e+01,-3.773777770996093750e+01,-2.765625190734863281e+01,-2.782540702819824219e+01,-2.612638473510742188e+01,-2.266675376892089844e+01,-1.563939571380615234e+01,-1.412147331237792969e+01,nan,-1.339774036407470703e+01,nan,nan,nan,nan,nan,nan,nan,nan,nan,nan,nan,nan,nan,nan,nan,nan,nan,nan,nan,nan,nan,nan,nan,nan,nan,nan,nan,nan,nan,nan,nan,nan,nan,nan,nan,nan,nan,nan,nan,nan,nan,nan,nan,nan,nan,nan,nan,nan,nan,nan,nan,nan,nan,nan,nan,nan,nan,nan,nan,nan,nan,nan,nan,nan,nan,nan,nan,nan,3.865596771240234375e+00,9.114665031433105469e+00,1.212140464782714844e+01,1.177525138854980469e+01,1.083599662780761719e+01,1.072127246856689453e+01,nan,nan,nan,nan,nan,nan,nan,nan,nan,nan,nan,nan,nan,nan,nan
nan,nan,nan,nan,nan,nan,nan,nan,nan,nan,nan,nan,nan,nan,nan,nan,nan,nan,nan,nan,nan,nan,nan,-3.615003585815429688e+01,-3.614158248901367188e+01,-3.882548904418945312e+01,-3.857488632202148438e+01,-3.666015243530273438e+01,-2.748078727722167969e+01,-2.553766441345214844e+01,-2.428842735290527344e+01,-2.291071128845214844e+01,-1.771476936340332031e+01,-9.387169837951660156e+00,-7.664399623870849609e+00,-6.282706856727600098e-01,nan,nan,nan,nan,nan,nan,nan,nan,nan,nan,nan,nan,nan,nan,nan,nan,nan,nan,nan,nan,nan,nan,nan,nan,nan,nan,nan,nan,nan,nan,nan,nan,nan,nan,nan,nan,nan,nan,nan,nan,nan,nan,nan,nan,nan,nan,nan,nan,nan,nan,nan,nan,nan,nan,nan,nan,nan,nan,nan,nan,nan,nan,nan,nan,nan,nan,nan,6.641819477081298828e-01,6.766341209411621094e+00,8.593180656433105469e+00,1.286407375335693359e+01,1.981964111328125000e+01,1.189350223541259766e+01,nan,nan,nan,nan,nan,nan,nan,nan,nan,nan,nan,nan,nan,nan,nan,nan
nan,nan,nan,nan,nan,nan,nan,nan,nan,nan,nan,nan,nan,nan,nan,nan,nan,nan,nan,nan,nan,nan,-3.773383331298828125e+01,-4.057738113403320312e+01,-4.613159179687500000e+01,-3.910735702514648438e+01,-3.745737838745117188e+01,-3.775934219360351562e+01,-3.464666366577148438e+01,-2.939290046691894531e+01,-2.685257148742675781e+01,-2.125923347473144531e+01,-1.814013481140136719e+01,-1.593038749694824219e+01,-9.382658958435058594e+00,-7.042578220367431641e+00,-1.291912078857421875e+01,nan,nan,nan,nan,nan,nan,nan,nan,nan,nan,nan,nan,nan,nan,nan,nan,nan,nan,nan,nan,nan,nan,nan,nan,nan,nan,nan,nan,nan,nan,nan,nan,nan,nan,nan,nan,nan,nan,nan,nan,nan,nan,nan,nan,nan,nan,nan,nan,nan,nan,nan,nan,nan,nan,nan,nan,nan,nan,nan,nan,nan,nan,nan,nan,nan,8.145338058471679688e+00,7.871788501739501953e+00,1.457905864715576172e+01,1.656365013122558594e+01,1.686710929870605469e+01,2.255637741088867188e+01,nan,nan,nan,nan,nan,nan,nan,nan,nan,nan,nan,nan,nan,nan,nan,nan,nan
nan,nan,nan,nan,nan,nan,nan,nan,nan,nan,nan,nan,nan,nan,nan,nan,nan,nan,nan,nan,nan,nan,-3.914540863037109375e+01,-4.367599105834960938e+01,-3.873066711425781250e+01,-3.531946945190429688e+01,-3.905811309814453125e+01,-3.644158554077148438e+01,-3.397056198120117188e+01,-2.844476890563964844e+01,-2.684389877319335938e+01,-2.300691604614257812e+01,-2.061162185668945312e+01,-1.788037490844726562e+01,-1.671963691711425781e+01,-1.071254539489746094e+01,-5.557699203491210938e+00,nan,nan,nan,nan,nan,nan,nan,nan,nan,nan,nan,nan,nan,nan,nan,nan,nan,nan,nan,nan,nan,nan,nan,nan,nan,nan,nan,nan,nan,nan,nan,nan,nan,nan,nan,nan,nan,nan,nan,nan,nan,nan,nan,nan,nan,nan,nan,nan,nan,nan,nan,nan,nan,nan,nan,nan,nan,nan,nan,nan,nan,nan,nan,nan,nan,3.039862632751464844e+00,1.009776306152343750e+01,1.515931415557861328e+01,1.687183952331542969e+01,1.860383605957031250e+01,2.180762863159179688e+01,nan,nan,nan,nan,nan,nan,nan,nan,nan,nan,nan,nan,nan,nan,nan,nan,nan
nan,nan,nan,nan,nan,nan,nan,nan,nan,nan,nan,nan,nan,nan,nan,nan,nan,nan,nan,nan,nan,nan,nan,-3.624904632568359375e+01,-4.250442886352539062e+01,-4.338967895507812500e+01,-4.275439834594726562e+01,-3.731062698364257812e+01,-3.418576812744140625e+01,-2.795185661315917969e+01,-2.271853446960449219e+01,-1.670333099365234375e+01,-1.875657463073730469e+01,-1.945132064819335938e+01,-1.772711563110351562e+01,-1.128265476226806641e+01,-6.831707954406738281e+00,-1.191435241699218750e+01,nan,nan,nan,nan,nan,nan,nan,nan,nan,nan,nan,nan,nan,nan,nan,nan,nan,nan,nan,nan,nan,nan,nan,nan,nan,nan,nan,nan,nan,nan,nan,nan,nan,nan,nan,nan,nan,nan,nan,nan,nan,nan,nan,nan,nan,nan,nan,nan,nan,nan,nan,nan,nan,nan,nan,nan,nan,nan,nan,nan,nan,nan,nan,nan,-2.793535232543945312e+00,8.328963518142700195e-01,1.384726333618164062e+01,1.559914875030517578e+01,2.026532554626464844e+01,2.008066749572753906e+01,nan,nan,nan,nan,nan,nan,nan,nan,nan,nan,nan,nan,nan,nan,nan,nan,nan
nan,nan,nan,nan,nan,nan,nan,nan,nan,nan,nan,nan,nan,nan,nan,nan,nan,nan,nan,nan,nan,nan,nan,nan,-3.475623321533203125e+01,-4.595061111450195312e+01,-4.303247070312500000e+01,-3.911649703979492188e+01,-3.316442108154296875e+01,-2.282404518127441406e+01,-1.991670608520507812e+01,-1.785870552062988281e+01,-1.705677604675292969e+01,-1.971094512939453125e+01,-1.971128273010253906e+01,-1.911194992065429688e+01,-1.285773944854736328e+01,-8.092354774475097656e+00,nan,nan,nan,nan,nan,nan,nan,nan,nan,nan,nan,nan,nan,nan,nan,nan,nan,nan,nan,nan,nan,nan,nan,nan,nan,nan,nan,nan,nan,nan,nan,nan,nan,nan,nan,nan,nan,nan,nan,nan,nan,nan,nan,nan,nan,nan,nan,nan,nan,nan,nan,nan,nan,nan,nan,nan,nan,nan,nan,nan,nan,nan,nan,nan,-2.760546922683715820e+00,1.033562779426574707e+00,1.194449615478515625e+01,8.996079444885253906e+00,9.936524391174316406e+00,1.642509078979492188e+01,nan,nan,nan,nan,nan,nan,nan,nan,nan,nan,nan,nan,nan,nan,nan,nan,nan
nan,nan,nan,nan,nan,nan,nan,nan,nan,nan,nan,nan,nan,nan,nan,nan,nan,nan,nan,nan,nan,nan,nan,nan,-3.276583862304687500e+01,-2.879433822631835938e+01,-2.726549911499023438e+01,-2.210848617553710938e+01,-2.418653297424316406e+01,-2.157442283630371094e+01,-1.882271003723144531e+01,-1.857451820373535156e+01,-1.821217727661132812e+01,-1.831956291198730469e+01,-1.996680068969726562e+01,-1.817340087890625000e+01,-1.704461669921875000e+01,-1.239932250976562500e+01,nan,nan,nan,nan,nan,nan,nan,nan,nan,nan,nan,nan,nan,nan,nan,nan,nan,nan,nan,nan,nan,nan,nan,nan,nan,nan,nan,nan,nan,nan,nan,nan,nan,nan,nan,nan,nan,nan,nan,nan,nan,nan,nan,nan,nan,nan,nan,nan,nan,nan,nan,nan,nan,nan,nan,nan,nan,nan,nan,nan,nan,nan,nan,nan,2.711357593536376953e+00,5.904576778411865234e+00,1.193023777008056641e+01,7.687095165252685547e+00,1.941964387893676758e+00,5.029626846313476562e+00,1.370507907867431641e+01,nan,nan,nan,nan,nan,nan,nan,nan,nan,nan,nan,nan,nan,nan,nan,nan
nan,nan,nan,nan,nan,nan,nan,nan,nan,nan,nan,nan,nan,nan,nan,nan,nan,nan,nan,nan,nan,nan,nan,nan,-2.966784858703613281e+01,-3.806806182861328125e+01,-2.270676040649414062e+01,-2.219039344787597656e+01,-2.011645698547363281e+01,-1.870840072631835938e+01,-1.849296569824218750e+01,-1.776136589050292969e+01,-1.697261238098144531e+01,-1.404734897613525391e+01,-1.752952384948730469e+01,-1.594386196136474609e+01,-1.342181777954101562e+01,-6.688846588134765625e+00,nan,nan,1.749225139617919922e+00,nan,nan,nan,nan,nan,nan,nan,nan,nan,nan,nan,nan,nan,nan,nan,nan,nan,nan,nan,nan,nan,nan,nan,nan,nan,nan,nan,nan,nan,nan,nan,nan,nan,nan,nan,nan,nan,nan,nan,nan,nan,nan,nan,nan,nan,nan,nan,nan,nan,nan,nan,nan,nan,nan,nan,nan,nan,nan,nan,8.818240165710449219e+00,2.551769256591796875e+00,3.441529750823974609e+00,7.087954998016357422e+00,1.066548347473144531e+01,9.828302383422851562e+00,9.674484252929687500e+00,1.281668663024902344e+01,nan,nan,nan,nan,nan,nan,nan,nan,nan,nan,nan,nan,nan,nan,nan,nan,nan
nan,nan,nan,nan,nan,nan,nan,nan,nan,nan,nan,nan,nan,nan,nan,nan,nan,nan,nan,nan,nan,nan,nan,nan,nan,-3.645458984375000000e+01,-2.674202156066894531e+01,-1.899866676330566406e+01,-1.719584083557128906e+01,-1.899672317504882812e+01,-1.233283138275146484e+01,-1.316329574584960938e+01,-1.376024150848388672e+01,-9.991738319396972656e+00,-8.405061721801757812e+00,-8.551465988159179688e+00,-9.803456306457519531e+00,-7.178985595703125000e+00,-5.560782909393310547e+00,9.820240139961242676e-01,5.731362342834472656e+00,7.003154754638671875e+00,nan,nan,nan,nan,nan,nan,nan,nan,nan,nan,nan,nan,nan,nan,nan,nan,nan,nan,nan,nan,nan,nan,nan,nan,nan,nan,nan,nan,nan,nan,nan,nan,nan,nan,nan,nan,nan,nan,nan,nan,nan,nan,nan,nan,nan,nan,nan,nan,nan,nan,nan,nan,nan,nan,nan,nan,nan,nan,4.341890335083007812e+00,4.810749530792236328e+00,6.956443309783935547e+00,1.800555229187011719e+01,1.696072196960449219e+01,1.754451942443847656e+01,1.238070869445800781e+01,nan,nan,nan,nan,nan,nan,nan,nan,nan,nan,nan,nan,nan,nan,nan,nan,nan,nan
nan,nan,nan,nan,nan,nan,nan,nan,nan,nan,nan,nan,nan,nan,nan,nan,nan,nan,nan,nan,nan,nan,nan,nan,nan,nan,-1.259108448028564453e+01,-1.440882015228271484e+01,-1.270739078521728516e+01,-1.127048015594482422e+01,-1.065223979949951172e+01,-1.437678337097167969e+01,-1.504707527160644531e+01,-1.173132514953613281e+01,-8.391290664672851562e+00,-4.740406990051269531e+00,-6.254662275314331055e-01,3.804885864257812500e+00,3.327908992767333984e+00,-2.080119848251342773e-01,8.480129241943359375e+00,6.292909622192382812e+00,1.036130332946777344e+01,nan,nan,nan,nan,nan,nan,nan,nan,nan,nan,nan,nan,nan,nan,nan,nan,nan,nan,nan,nan,nan,nan,nan,nan,nan,nan,nan,nan,nan,nan,nan,nan,nan,nan,nan,nan,nan,nan,nan,nan,nan,nan,nan,nan,nan,nan,nan,nan,nan,nan,nan,nan,nan,nan,nan,7.833691120147705078e+00,5.982419848442077637e-01,7.014139652252197266e+00,1.005020618438720703e+01,1.648458290100097656e+01,2.026696968078613281e+01,1.988769912719726562e+01,1.286809825897216797e+01,nan,nan,nan,nan,nan,nan,nan,nan,nan,nan,nan,nan,nan,nan,nan,nan,nan,nan,nan
nan,nan,nan,nan,nan,nan,nan,nan,nan,nan,nan,nan,nan,nan,nan,nan,nan,nan,nan,nan,nan,nan,nan,nan,nan,nan,-1.339758300781250000e+01,-7.927360534667968750e+00,-8.102568626403808594e+00,-1.063679981231689453e+01,-8.466378211975097656e+00,-6.012644290924072266e+00,-1.194084644317626953e+01,-7.461662769317626953e+00,-8.683657646179199219e+00,-4.766917228698730469e+00,-2.362102508544921875e+00,2.438642024993896484e+00,5.628774642944335938e+00,9.578579902648925781e+00,1.072156620025634766e+01,7.229882240295410156e+00,7.455883026123046875e+00,6.337656021118164062e+00,5.590650558471679688e+00,6.582581520080566406e+00,1.388781642913818359e+01,nan,nan,nan,nan,1.878428459167480469e+01,1.922008514404296875e+01,nan,nan,1.841078186035156250e+01,2.135518455505371094e+01,1.696382522583007812e+01,1.618080329895019531e+01,1.557166957855224609e+01,1.402694892883300781e+01,nan,nan,nan,nan,nan,nan,nan,nan,nan,nan,nan,nan,nan,nan,nan,nan,nan,nan,nan,nan,nan,nan,nan,nan,nan,nan,nan,nan,nan,nan,nan,nan,nan,nan,nan,nan,nan,7.511505603790283203e+00,3.651436090469360352e+00,1.221756362915039062e+01,1.522908687591552734e+01,1.822340965270996094e+01,1.456553840637207031e+01,2.290101432800292969e+01,1.405010890960693359e+01,nan,nan,nan,nan,nan,nan,nan,nan,nan,nan,nan,nan,nan,nan,nan,nan,nan,nan,nan
nan,nan,nan,nan,nan,nan,nan,nan,nan,nan,nan,nan,nan,nan,nan,nan,nan,nan,nan,nan,nan,nan,nan,nan,nan,nan,nan,-2.145863771438598633e+00,-8.204675674438476562e+00,-1.168708801269531250e+01,-6.549225330352783203e+00,-4.105724811553955078e+00,-4.357395172119140625e+00,-3.937302827835083008e+00,-2.050480127334594727e+00,-1.939563870429992676e+00,1.051798343658447266e+00,8.788683891296386719e+00,1.030939102172851562e+01,9.372315406799316406e+00,1.357098197937011719e+01,1.425660037994384766e+01,8.859919548034667969e+00,1.023595046997070312e+01,1.470082187652587891e+01,4.997584342956542969e+00,6.927249908447265625e+00,8.575807571411132812e+00,7.999782085418701172e+00,1.786280822753906250e+01,1.880323791503906250e+01,1.057266902923583984e+01,1.639126777648925781e+01,2.033816337585449219e+01,1.324472522735595703e+01,1.884158134460449219e+01,1.930957031250000000e+01,2.395362281799316406e+01,1.779451179504394531e+01,1.430634689331054688e+01,1.834178161621093750e+01,-1.777046203613281250e+00,7.762529373168945312e+00,nan,nan,nan,nan,nan,2.725963830947875977e+00,nan,nan,nan,nan,nan,nan,nan,nan,nan,nan,nan,nan,nan,nan,nan,nan,nan,nan,nan,nan,nan,nan,nan,nan,nan,nan,nan,nan,nan,nan,1.303707242012023926e+00,9.613470077514648438e+00,1.445512580871582031e+01,2.388799476623535156e+01,1.733105659484863281e+01,2.503098106384277344e+01,nan,nan,nan,nan,nan,nan,nan,nan,nan,nan,nan,nan,nan,nan,nan,nan,nan,nan,nan,nan
nan,nan,nan,nan,nan,nan,nan,nan,nan,nan,nan,nan,nan,nan,nan,nan,nan,nan,nan,nan,nan,nan,nan,nan,nan,nan,nan,nan,6.230213165283203125e+00,-6.430083751678466797e+00,-8.154236793518066406e+00,-5.474481105804443359e+00,4.726959228515625000e+00,7.735484600067138672e+00,5.123766422271728516e+00,3.104457139968872070e+00,2.211307525634765625e+00,4.660880088806152344e+00,1.497307682037353516e+01,1.250745201110839844e+01,1.730102729797363281e+01,2.047738075256347656e+01,1.697376441955566406e+01,1.752709770202636719e+01,1.766381072998046875e+01,1.856208419799804688e+01,1.295099639892578125e+01,1.166373157501220703e+01,1.196354866027832031e+01,1.704628372192382812e+01,1.853507995605468750e+01,2.027003288269042969e+01,2.153555679321289062e+01,2.052321243286132812e+01,1.962029457092285156e+01,1.561144447326660156e+01,1.367152500152587891e+01,1.340118980407714844e+01,1.593423175811767578e+01,1.324082660675048828e+01,1.131589412689208984e+01,1.778761291503906250e+01,1.511306762695312500e+01,4.941968441009521484e+00,3.840597629547119141e+00,2.789448261260986328e+00,2.623109102249145508e+00,2.999477624893188477e+00,3.270240068435668945e+00,nan,nan,nan,nan,nan,nan,nan,nan,nan,nan,nan,nan,nan,nan,nan,nan,nan,nan,nan,nan,nan,nan,nan,nan,nan,nan,nan,nan,nan,5.780739784240722656e+00,1.092977333068847656e+01,5.649117946624755859e+00,1.198123168945312500e+01,1.560414791107177734e+01,1.686623764038085938e+01,nan,nan,nan,nan,nan,nan,nan,nan,nan,nan,nan,nan,nan,nan,nan,nan,nan,nan,nan,nan,nan
nan,nan,nan,nan,nan,nan,nan,nan,nan,nan,nan,nan,nan,nan,nan,nan,nan,nan,nan,nan,nan,nan,nan,nan,nan,nan,nan,nan,1.590328979492187500e+01,-6.207838535308837891e+00,-1.073588013648986816e+00,2.952265977859497070e+00,1.127162647247314453e+01,1.553238582611083984e+01,1.707544708251953125e+01,5.450738430023193359e+00,5.685035228729248047e+00,6.439850807189941406e+00,9.660814285278320312e+00,1.208524322509765625e+01,1.657227516174316406e+01,1.654018020629882812e+01,1.762574768066406250e+01,1.721000099182128906e+01,1.652636337280273438e+01,1.772479820251464844e+01,2.137432289123535156e+01,1.961877059936523438e+01,2.000166893005371094e+01,2.059370040893554688e+01,2.580517005920410156e+01,2.643626976013183594e+01,2.430978775024414062e+01,2.149651145935058594e+01,1.895041656494140625e+01,1.943970489501953125e+01,1.716921043395996094e+01,1.500040245056152344e+01,1.421888160705566406e+01,1.593039894104003906e+01,9.707558631896972656e+00,8.146043777465820312e+00,6.324656486511230469e+00,4.858355045318603516e+00,-1.671764850616455078e+00,3.474075555801391602e+00,2.505480289459228516e+00,nan,nan,nan,nan,nan,nan,nan,nan,nan,nan,nan,nan,nan,nan,nan,nan,nan,nan,nan,nan,nan,nan,nan,nan,nan,nan,nan,nan,nan,nan,nan,1.233812928199768066e+00,6.655336380004882812e+00,4.645759582519531250e+00,4.672174453735351562e+00,1.520689678192138672e+01,1.192597293853759766e+01,nan,nan,nan,nan,nan,nan,nan,nan,nan,nan,nan,nan,nan,nan,nan,nan,nan,nan,nan,nan,nan
nan,nan,nan,nan,nan,nan,nan,nan,nan,nan,nan,nan,nan,nan,nan,nan,nan,nan,nan,nan,nan,nan,nan,nan,nan,nan,nan,3.461102247238159180e+00,2.153564071655273438e+01,-2.013761758804321289e+00,5.623303413391113281e+00,3.677031993865966797e+00,7.545345783233642578e+00,1.204402542114257812e+01,1.180674839019775391e+01,1.060064792633056641e+01,3.285891294479370117e+00,1.295131301879882812e+01,1.473901653289794922e+01,1.513080024719238281e+01,1.687913513183593750e+01,1.799224281311035156e+01,1.679940223693847656e+01,1.651201438903808594e+01,1.813306617736816406e+01,1.879162025451660156e+01,2.052216911315917969e+01,1.986767768859863281e+01,1.995595550537109375e+01,1.981182670593261719e+01,2.392891693115234375e+01,2.348167228698730469e+01,2.466170310974121094e+01,2.395406150817871094e+01,2.124871253967285156e+01,2.140360450744628906e+01,1.951111793518066406e+01,1.357534503936767578e+01,1.317027950286865234e+01,1.233603763580322266e+01,1.468020248413085938e+01,7.377839565277099609e+00,5.932396888732910156e+00,4.807024478912353516e+00,-7.328415393829345703e+00,5.709723949432373047e+00,9.384130239486694336e-01,1.074796557426452637e+00,nan,nan,nan,nan,nan,nan,nan,nan,nan,nan,nan,nan,nan,nan,nan,nan,nan,nan,nan,nan,nan,nan,nan,nan,nan,nan,nan,nan,nan,2.151468515396118164e+00,3.215365886688232422e+00,6.322714686393737793e-01,-2.458272874355316162e-01,7.166634559631347656e+00,8.952507972717285156e+00,nan,nan,nan,nan,nan,nan,nan,nan,nan,nan,nan,nan,nan,nan,nan,nan,nan,nan,nan,nan,nan,nan
nan,nan,nan,nan,nan,nan,nan,nan,nan,nan,nan,nan,nan,nan,nan,nan,nan,nan,nan,nan,nan,nan,nan,nan,nan,nan,nan,nan,7.877700328826904297e+00,5.316141843795776367e-01,6.190484046936035156e+00,1.560672569274902344e+01,2.672192192077636719e+01,1.815049934387207031e+01,1.555603981018066406e+01,8.313752174377441406e+00,7.149893283843994141e+00,1.391152477264404297e+01,1.920985031127929688e+01,2.077271652221679688e+01,1.721990585327148438e+01,1.791860198974609375e+01,1.832106781005859375e+01,2.243291664123535156e+01,2.275336837768554688e+01,2.290121269226074219e+01,1.407866001129150391e+01,1.925588226318359375e+01,1.858175468444824219e+01,2.028889465332031250e+01,2.391632270812988281e+01,2.300635147094726562e+01,2.373976898193359375e+01,2.035960197448730469e+01,2.157993507385253906e+01,2.169014739990234375e+01,1.958069229125976562e+01,1.527524280548095703e+01,1.026078224182128906e+01,8.182708740234375000e+00,5.523727893829345703e+00,3.338003635406494141e+00,-2.123493576049804688e+01,4.220972537994384766e+00,3.628586769104003906e+00,-6.667026877403259277e-01,8.294304847717285156e+00,1.183527851104736328e+01,3.270878553390502930e+00,nan,nan,nan,nan,nan,nan,nan,nan,nan,nan,nan,nan,nan,nan,nan,nan,nan,nan,nan,nan,nan,nan,nan,nan,nan,nan,1.803701281547546387e+00,-1.631152272224426270e+00,1.156510591506958008e+00,-2.164855003356933594e+00,6.482025623321533203e+00,-5.853744745254516602e-01,nan,nan,nan,nan,nan,nan,nan,nan,nan,nan,nan,nan,nan,nan,nan,nan,nan,nan,nan,nan,nan,nan,nan,nan
nan,nan,nan,nan,nan,nan,nan,nan,nan,nan,nan,nan,nan,nan,nan,nan,nan,nan,nan,nan,nan,nan,nan,nan,nan,nan,nan,nan,nan,1.349048328399658203e+01,1.457543563842773438e+01,1.503607559204101562e+01,2.166795921325683594e+01,2.977220726013183594e+01,1.665651130676269531e+01,1.237741851806640625e+01,1.790153884887695312e+01,2.374480628967285156e+01,2.817968177795410156e+01,2.457146835327148438e+01,2.625927925109863281e+01,2.244386100769042969e+01,2.045870399475097656e+01,1.641110420227050781e+01,1.680046844482421875e+01,2.110088157653808594e+01,1.867983055114746094e+01,1.801934242248535156e+01,1.938916778564453125e+01,1.859318733215332031e+01,1.963745307922363281e+01,2.062065887451171875e+01,1.726624488830566406e+01,1.571496200561523438e+01,1.490451431274414062e+01,1.540417861938476562e+01,1.703591346740722656e+01,1.359585952758789062e+01,7.312421798706054688e+00,6.356471538543701172e+00,2.676083564758300781e+00,1.454319834709167480e+00,4.864505767822265625e+00,3.342475414276123047e+00,2.874226570129394531e+00,1.030504699883749709e-05,9.029148101806640625e+00,5.784681320190429688e+00,nan,nan,nan,nan,nan,nan,nan,nan,nan,nan,nan,nan,nan,nan,nan,nan,nan,nan,nan,nan,nan,nan,nan,nan,nan,nan,nan,nan,1.452452659606933594e+00,5.518428325653076172e+00,-5.661216735839843750e+00,-5.538823604583740234e+00,nan,nan,nan,nan,nan,nan,nan,nan,nan,nan,nan,nan,nan,nan,nan,nan,nan,nan,nan,nan,nan,nan,nan,nan,nan
nan,nan,nan,nan,nan,nan,nan,nan,nan,nan,nan,nan,nan,nan,nan,nan,nan,nan,nan,nan,nan,nan,nan,nan,nan,nan,nan,nan,nan,1.329981040954589844e+01,1.627499771118164062e+01,1.705408096313476562e+01,2.072196578979492188e+01,1.815421485900878906e+01,1.983304595947265625e+01,1.139008617401123047e+01,1.500823497772216797e+01,2.460141372680664062e+01,2.497923088073730469e+01,2.277276039123535156e+01,1.778471183776855469e+01,1.871162223815917969e+01,1.967747497558593750e+01,1.530897140502929688e+01,1.895299720764160156e+01,1.917255210876464844e+01,1.658852577209472656e+01,1.527577781677246094e+01,1.492355346679687500e+01,1.407991600036621094e+01,1.899107742309570312e+01,1.720052337646484375e+01,1.551042842864990234e+01,1.438321304321289062e+01,1.345011234283447266e+01,1.141022396087646484e+01,1.042592906951904297e+01,4.273708820343017578e+00,5.268309593200683594e+00,6.709850311279296875e+00,6.293836593627929688e+00,6.757359027862548828e+00,7.277652263641357422e+00,1.570411396026611328e+01,1.205261325836181641e+01,-9.719166755676269531e+00,7.829426765441894531e+00,nan,nan,nan,nan,nan,nan,nan,nan,nan,nan,nan,nan,nan,nan,nan,nan,nan,nan,nan,nan,nan,nan,nan,nan,nan,nan,nan,nan,1.397809982299804688e+00,9.359962344169616699e-01,6.735372543334960938e+00,6.498755455017089844e+00,nan,nan,nan,nan,nan,nan,nan,nan,nan,nan,nan,nan,nan,nan,nan,nan,nan,nan,nan,nan,nan,nan,nan,nan,nan,nan
nan,nan,nan,nan,nan,nan,nan,nan,nan,nan,nan,nan,nan,nan,nan,nan,nan,nan,nan,nan,nan,nan,nan,nan,nan,nan,nan,nan,nan,7.578121185302734375e+00,1.766763496398925781e+01,1.946167373657226562e+01,2.230187606811523438e+01,2.501948165893554688e+01,2.730774116516113281e+01,2.381153678894042969e+01,2.236761283874511719e+01,3.018438720703125000e+01,2.107465744018554688e+01,1.337392330169677734e+01,1.396677017211914062e+01,1.444944381713867188e+01,1.371855068206787109e+01,2.420158004760742188e+01,2.185067558288574219e+01,2.106114578247070312e+01,1.686843681335449219e+01,1.960955047607421875e+01,1.407392597198486328e+01,1.396603488922119141e+01,1.495760822296142578e+01,1.937866592407226562e+01,1.856888771057128906e+01,1.515453624725341797e+01,6.606739521026611328e+00,7.941653728485107422e+00,2.803604841232299805e+00,2.630959033966064453e+00,2.720113992691040039e+00,2.560551166534423828e+00,6.792815208435058594e+00,7.632381439208984375e+00,5.726956844329833984e+00,1.857163047790527344e+01,-4.529331207275390625e+00,4.732532024383544922e+00,-3.029096126556396484e+00,nan,nan,nan,nan,nan,nan,nan,nan,nan,nan,nan,nan,nan,nan,nan,nan,nan,nan,nan,nan,nan,nan,nan,nan,nan,nan,nan,7.867636680603027344e-01,-1.963824629783630371e+00,4.682060718536376953e+00,9.583338499069213867e-01,nan,nan,nan,nan,nan,nan,nan,nan,nan,nan,nan,nan,nan,nan,nan,nan,nan,nan,nan,nan,nan,nan,nan,nan,nan,nan,nan
nan,nan,nan,nan,nan,nan,nan,nan,nan,nan,nan,nan,nan,nan,nan,nan,nan,nan,nan,nan,nan,nan,nan,nan,nan,nan,nan,nan,nan,4.959825515747070312e+00,1.537159442901611328e+01,2.194295501708984375e+01,2.320198822021484375e+01,2.916248321533203125e+01,2.310472297668457031e+01,2.031066322326660156e+01,2.445826911926269531e+01,2.172947692871093750e+01,2.485715484619140625e+01,1.740663528442382812e+01,1.670120239257812500e+01,1.898547554016113281e+01,1.941976165771484375e+01,2.366969299316406250e+01,1.714491271972656250e+01,2.269221305847167969e+01,1.578158092498779297e+01,1.380615234375000000e+01,9.828378677368164062e+00,8.543960571289062500e+00,7.967063426971435547e+00,1.663197135925292969e+01,1.892458152770996094e+01,1.365848064422607422e+01,6.560501575469970703e+00,3.689223825931549072e-01,-1.721666693687438965e+00,1.118000224232673645e-01,1.350265860557556152e+00,-1.324827820062637329e-01,1.643402338027954102e+00,-1.632234692573547363e+00,-1.103256106376647949e+00,-2.967444896697998047e+00,-4.917037010192871094e+00,-7.979820251464843750e+00,nan,nan,nan,nan,nan,nan,nan,nan,nan,nan,nan,nan,nan,nan,nan,nan,nan,nan,nan,nan,nan,nan,nan,nan,nan,nan,nan,nan,4.123704135417938232e-01,2.906188249588012695e+00,9.482674598693847656e-01,9.041366577148437500e-01,nan,nan,nan,nan,nan,nan,nan,nan,nan,nan,nan,nan,nan,nan,nan,nan,nan,nan,nan,nan,nan,nan,nan,nan,nan,nan,nan
nan,nan,nan,nan,nan,nan,nan,nan,nan,nan,nan,nan,nan,nan,nan,nan,nan,nan,nan,nan,nan,nan,nan,nan,nan,nan,nan,nan,nan,2.136515426635742188e+01,8.651300430297851562e+00,2.300643730163574219e+01,2.289187622070312500e+01,3.039982795715332031e+01,3.848751831054687500e+01,3.231480026245117188e+01,2.177412605285644531e+01,2.102449035644531250e+01,2.171332931518554688e+01,2.152467918395996094e+01,2.483245277404785156e+01,2.413198471069335938e+01,2.466368865966796875e+01,2.273047637939453125e+01,2.239410400390625000e+01,nan,1.353894329071044922e+01,1.221653366088867188e+01,9.599287033081054688e+00,6.297155857086181641e+00,5.826181888580322266e+00,8.545891761779785156e+00,7.162825584411621094e+00,5.978373527526855469e+00,5.153541564941406250e+00,2.537794351577758789e+00,-3.555036306381225586e+00,-2.409497261047363281e+00,1.798808693885803223e+00,3.596599102020263672e+00,-1.099663066864013672e+01,-3.426135778427124023e+00,-1.966955661773681641e+00,-9.642122268676757812e+00,-6.945330142974853516e+00,-8.983560562133789062e+00,-5.904163837432861328e+00,nan,nan,nan,nan,nan,nan,nan,nan,nan,nan,nan,nan,nan,nan,nan,nan,nan,nan,nan,nan,nan,nan,nan,nan,-2.268253803253173828e+00,nan,nan,-4.987671854905784130e-04,8.586302757263183594e+00,9.094291329383850098e-01,nan,nan,nan,nan,nan,nan,nan,nan,nan,nan,nan,nan,nan,nan,nan,nan,nan,nan,nan,nan,nan,nan,nan,nan,nan,nan,nan,nan
nan,nan,nan,nan,nan,nan,nan,nan,nan,nan,nan,nan,nan,nan,nan,nan,nan,nan,nan,nan,nan,nan,nan,nan,nan,nan,nan,nan,nan,nan,3.302300262451171875e+01,2.639993286132812500e+01,2.643712615966796875e+01,2.886184692382812500e+01,3.440288925170898438e+01,3.191281700134277344e+01,1.993441581726074219e+01,1.841576194763183594e+01,1.888777923583984375e+01,2.046802520751953125e+01,2.442144966125488281e+01,2.591276741027832031e+01,2.400737953186035156e+01,1.885813140869140625e+01,1.990744781494140625e+01,1.268485641479492188e+01,1.569809818267822266e+01,1.366582012176513672e+01,6.183720588684082031e+00,5.401365756988525391e+00,4.983923912048339844e+00,4.365114688873291016e+00,4.188522815704345703e+00,4.914489269256591797e+00,-1.909402847290039062e+00,-1.520802497863769531e+00,-8.053355216979980469e+00,-6.009002208709716797e+00,-9.004219055175781250e+00,-8.305661201477050781e+00,-1.523551177978515625e+01,-6.682967185974121094e+00,-3.716809034347534180e+00,-2.112356567382812500e+01,-3.648714065551757812e+01,-2.774049758911132812e+01,-1.137256336212158203e+01,nan,nan,nan,nan,nan,nan,nan,nan,nan,nan,nan,nan,nan,nan,nan,nan,nan,nan,nan,nan,nan,nan,-4.653557300567626953e+00,-3.896013021469116211e+00,-2.808522939682006836e+00,8.407393097877502441e-01,4.342315196990966797e+00,-7.333441257476806641e+00,-5.554363727569580078e+00,nan,nan,nan,nan,nan,nan,nan,nan,nan,nan,nan,nan,nan,nan,nan,nan,nan,nan,nan,nan,nan,nan,nan,nan,nan,nan,nan,nan,nan
nan,nan,nan,nan,nan,nan,nan,nan,nan,nan,nan,nan,nan,nan,nan,nan,nan,nan,nan,nan,nan,nan,nan,nan,nan,nan,nan,nan,nan,nan,nan,4.211835098266601562e+01,2.845410919189453125e+01,2.585828590393066406e+01,2.464856338500976562e+01,2.258963203430175781e+01,1.969491577148437500e+01,1.485151004791259766e+01,1.973612976074218750e+01,2.156722831726074219e+01,2.161252975463867188e+01,1.847493743896484375e+01,1.991333961486816406e+01,1.597505664825439453e+01,1.734294700622558594e+01,1.428861141204833984e+01,1.190417766571044922e+01,1.009761524200439453e+01,2.594938516616821289e+00,1.088005304336547852e+00,3.425086736679077148e+00,2.112497806549072266e+00,2.080820560455322266e+00,1.386672258377075195e+00,-5.822068214416503906e+00,-3.801656246185302734e+00,-1.469721221923828125e+01,-1.621834182739257812e+01,-1.169670295715332031e+01,-1.449825382232666016e+01,-1.215403747558593750e+01,-1.196167659759521484e+01,-7.495713233947753906e+00,-2.738945770263671875e+01,-3.968124389648437500e+01,-4.267359542846679688e+01,-3.076815366744995117e+00,8.975442647933959961e-01,5.371938705444335938e+00,nan,nan,nan,nan,nan,nan,nan,nan,nan,nan,nan,nan,nan,nan,nan,nan,nan,nan,-8.547860145568847656e+00,-6.724935054779052734e+00,-1.555018329620361328e+01,-8.550316810607910156e+00,-2.525355577468872070e+00,4.566151142120361328e+00,4.989196777343750000e+00,-1.118688392639160156e+01,nan,nan,nan,nan,nan,nan,nan,nan,nan,nan,nan,nan,nan,nan,nan,nan,nan,nan,nan,nan,nan,nan,nan,nan,nan,nan,nan,nan,nan,nan
nan,nan,nan,nan,nan,nan,nan,nan,nan,nan,nan,nan,nan,nan,nan,nan,nan,nan,nan,nan,nan,nan,nan,nan,nan,nan,nan,nan,nan,nan,nan,2.725055503845214844e+01,3.902190017700195312e+01,2.954738807678222656e+01,2.017020225524902344e+01,2.445288276672363281e+01,2.958611106872558594e+01,2.289573669433593750e+01,2.570426559448242188e+01,2.254278373718261719e+01,1.553221035003662109e+01,1.461024475097656250e+01,1.136741447448730469e+01,1.668872261047363281e+01,2.050779533386230469e+01,7.156054019927978516e+00,4.412716388702392578e+00,5.405997753143310547e+00,7.120026588439941406e+00,nan,nan,2.845573425292968750e+00,1.371789932250976562e+00,-1.099184989929199219e+00,-1.007597064971923828e+01,-1.103874301910400391e+01,-1.634656715393066406e+01,-1.649528312683105469e+01,-1.836082458496093750e+01,-1.138960266113281250e+01,-1.202011680603027344e+01,-1.146423530578613281e+01,-1.374194335937500000e+01,-6.207581043243408203e+00,-3.434547805786132812e+01,-3.371213436126708984e+00,4.092309772968292236e-01,1.589724159240722656e+01,2.215463829040527344e+01,1.017014884948730469e+01,1.277788877487182617e+00,7.962405204772949219e+00,6.314961910247802734e+00,9.738411903381347656e+00,nan,nan,nan,nan,nan,nan,nan,-9.431234359741210938e+00,-1.783212065696716309e+00,-8.821143150329589844e+00,nan,nan,-9.820161819458007812e+00,-2.348860979080200195e+00,-2.446130990982055664e+00,-1.234631061553955078e+01,-2.171611309051513672e+00,-1.379427909851074219e+00,6.489127159118652344e+00,-4.326694011688232422e+00,nan,nan,nan,nan,nan,nan,nan,nan,nan,nan,nan,nan,nan,nan,nan,nan,nan,nan,nan,nan,nan,nan,nan,nan,nan,nan,nan,nan,nan,nan,nan
nan,nan,nan,nan,nan,nan,nan,nan,nan,nan,nan,nan,nan,nan,nan,nan,nan,nan,nan,nan,nan,nan,nan,nan,nan,nan,nan,nan,nan,nan,nan,nan,2.766041755676269531e+01,3.171034431457519531e+01,2.761179542541503906e+01,2.996148490905761719e+01,3.213344573974609375e+01,2.718004226684570312e+01,2.176214027404785156e+01,1.769325065612792969e+01,1.319752311706542969e+01,1.408752059936523438e+01,1.329765796661376953e+01,1.035747146606445312e+01,1.614729118347167969e+01,9.860206604003906250e+00,6.668774127960205078e+00,4.269871234893798828e+00,1.644897222518920898e+00,nan,5.074258804321289062e+00,-7.100192308425903320e-01,4.941810369491577148e-01,-4.436264514923095703e+00,-8.096186637878417969e+00,-1.492143535614013672e+01,-1.673562431335449219e+01,-1.705349159240722656e+01,-1.891117477416992188e+01,-1.097051048278808594e+01,-1.021644878387451172e+01,-1.564582633972167969e+01,-1.752937698364257812e+01,-3.698684215545654297e+00,-9.682085037231445312e+00,-1.475678539276123047e+01,7.662584781646728516e+00,2.015117645263671875e+01,2.132191276550292969e+01,2.106154251098632812e+01,5.441713809967041016e+00,6.973913669586181641e+00,6.525640010833740234e+00,1.533547401428222656e+01,2.706402015686035156e+01,4.010330140590667725e-01,-4.033267021179199219e+00,-2.782461929321289062e+01,-8.960989952087402344e+00,-4.622627735137939453e+00,-1.446583747863769531e+00,-5.503437995910644531e+00,-2.814882278442382812e+00,-4.230358123779296875e+00,-1.443545913696289062e+01,-1.039057254791259766e+01,-1.004695892333984375e+01,-2.700868844985961914e+00,-1.062137985229492188e+01,-1.287496471405029297e+01,-9.373695373535156250e+00,2.971480369567871094e+00,8.632774353027343750e+00,-1.948812603950500488e+00,nan,nan,nan,nan,nan,nan,nan,nan,nan,nan,nan,nan,nan,nan,nan,nan,nan,nan,nan,nan,nan,nan,nan,nan,nan,nan,nan,nan,nan,nan,nan
nan,nan,nan,nan,nan,nan,nan,nan,nan,nan,nan,nan,nan,nan,nan,nan,nan,nan,nan,nan,nan,nan,nan,nan,nan,nan,nan,nan,nan,nan,nan,nan,2.763961601257324219e+01,2.652090072631835938e+01,2.889101219177246094e+01,2.638096427917480469e+01,2.859230995178222656e+01,2.931606483459472656e+01,2.246867561340332031e+01,1.676979446411132812e+01,1.668689346313476562e+01,1.591100883483886719e+01,1.459217643737792969e+01,1.212266159057617188e+01,9.990603446960449219e+00,6.995842456817626953e+00,5.316445827484130859e+00,2.855404376983642578e+00,3.473600625991821289e+00,2.197882652282714844e+00,-4.507025241851806641e+00,-1.503304004669189453e+00,-4.269632339477539062e+00,-8.049264907836914062e+00,-7.799385547637939453e+00,-1.793285369873046875e+01,-1.818233871459960938e+01,-1.847243690490722656e+01,-1.874341773986816406e+01,-1.078664302825927734e+01,-1.546274757385253906e+01,-1.224144554138183594e+01,-1.790975952148437500e+01,-3.539090871810913086e+00,7.706686854362487793e-01,3.759421586990356445e+00,7.560557842254638672e+00,2.032365608215332031e+01,2.416578674316406250e+01,1.811103630065917969e+01,1.860520744323730469e+01,2.101062202453613281e+01,1.878655052185058594e+01,1.416994953155517578e+01,1.914304161071777344e+01,8.862579345703125000e+00,-1.187791919708251953e+01,-2.924152851104736328e+00,-1.698108291625976562e+01,-1.454047083854675293e+00,-1.255768108367919922e+01,-9.180444717407226562e+00,-8.825868606567382812e+00,-7.598149776458740234e+00,-1.594318580627441406e+01,-1.860764122009277344e+01,-1.026476955413818359e+01,-9.138489723205566406e+00,-1.935018920898437500e+01,-1.750412940979003906e+01,-1.035511970520019531e+01,7.930392265319824219e+00,-3.445473432540893555e+00,nan,nan,nan,nan,nan,nan,nan,nan,nan,nan,nan,nan,nan,nan,nan,nan,nan,nan,nan,nan,nan,nan,nan,nan,nan,nan,nan,nan,nan,nan,nan,nan
nan,nan,nan,nan,nan,nan,nan,nan,nan,nan,nan,nan,nan,nan,nan,nan,nan,nan,nan,nan,nan,nan,nan,nan,nan,nan,nan,nan,nan,nan,nan,nan,nan,2.583703041076660156e+01,2.497339248657226562e+01,2.626730155944824219e+01,1.999266815185546875e+01,2.497994995117187500e+01,2.380185699462890625e+01,1.959783363342285156e+01,1.368182182312011719e+01,1.364454174041748047e+01,1.399700546264648438e+01,1.426962947845458984e+01,1.434902954101562500e+01,1.464382410049438477e+00,2.786232471466064453e+00,6.205043792724609375e-01,-2.583254098892211914e+00,-7.742730617523193359e+00,-5.497484803199768066e-01,-6.025861263275146484e+00,-7.654535770416259766e+00,-1.690590476989746094e+01,-1.755721473693847656e+01,-1.737824058532714844e+01,-1.948491096496582031e+01,-1.490927886962890625e+01,-1.497642326354980469e+01,-1.490402507781982422e+01,-1.425033760070800781e+01,-8.191560745239257812e+00,-7.470257759094238281e+00,3.781409978866577148e+00,1.014208412170410156e+01,7.373713493347167969e+00,nan,1.625138092041015625e+01,2.915136337280273438e+01,1.971593856811523438e+01,2.161307716369628906e+01,2.331835365295410156e+01,1.872359657287597656e+01,1.765422439575195312e+01,5.409945964813232422e+00,8.010046958923339844e+00,-1.275401878356933594e+01,-1.446477985382080078e+01,-5.731364250183105469e+00,-4.602289199829101562e+00,-1.683906555175781250e+01,-7.622334480285644531e+00,-1.208555889129638672e+01,-9.631164550781250000e+00,-5.594219684600830078e+00,-1.657386779785156250e+01,-1.046588706970214844e+01,-9.390166282653808594e+00,-8.104352951049804688e+00,-6.690080165863037109e+00,-5.286233901977539062e+00,-4.530281066894531250e+00,nan,nan,nan,nan,nan,nan,nan,nan,nan,nan,nan,nan,nan,nan,nan,nan,nan,nan,nan,nan,nan,nan,nan,nan,nan,nan,nan,nan,nan,nan,nan,nan,nan
nan,nan,nan,nan,nan,nan,nan,nan,nan,nan,nan,nan,nan,nan,nan,nan,nan,nan,nan,nan,nan,nan,nan,nan,nan,nan,nan,nan,nan,nan,nan,nan,nan,nan,2.422317504882812500e+01,1.167470455169677734e+01,2.491651153564453125e+01,1.660300254821777344e+01,2.387207794189453125e+01,1.806393623352050781e+01,1.390756988525390625e+01,1.829284286499023438e+01,1.366972160339355469e+01,1.398177909851074219e+01,8.085527420043945312e+00,2.289921998977661133e+00,-1.803040742874145508e+00,-6.095123291015625000e-01,-2.184834957122802734e+00,-2.470525979995727539e+00,-5.514154434204101562e-01,-5.715092182159423828e+00,-3.852322816848754883e+00,-1.066527748107910156e+01,-1.478449821472167969e+01,-2.125126838684082031e+01,-2.368174934387207031e+01,-2.091249847412109375e+01,-1.949983024597167969e+01,-1.166383171081542969e+01,-1.235209751129150391e+01,-7.066363811492919922e+00,-5.203138828277587891e+00,5.574908256530761719e+00,1.485466289520263672e+01,1.722271347045898438e+01,2.018386077880859375e+01,2.485697364807128906e+01,2.617888259887695312e+01,2.870426177978515625e+01,2.381612205505371094e+01,1.848858451843261719e+01,nan,nan,-8.450294494628906250e+00,-9.099732398986816406e+00,-5.712528228759765625e+00,-1.711758422851562500e+01,-1.829762649536132812e+01,-1.090600585937500000e+01,-9.992947578430175781e+00,-2.185207366943359375e+01,-2.215238380432128906e+01,-7.056657791137695312e+00,-5.093129158020019531e+00,nan,nan,nan,nan,nan,nan,nan,nan,nan,nan,nan,nan,nan,nan,nan,nan,nan,nan,nan,nan,nan,nan,nan,nan,nan,nan,nan,nan,nan,nan,nan,nan,nan,nan,nan,nan,nan,nan,nan,nan
nan,nan,nan,nan,nan,nan,nan,nan,nan,nan,nan,nan,nan,nan,nan,nan,nan,nan,nan,nan,nan,nan,nan,nan,nan,nan,nan,nan,nan,nan,nan,nan,nan,nan,nan,2.197595214843750000e+01,1.980550765991210938e+01,1.536988544464111328e+01,1.109395217895507812e+01,9.511259078979492188e+00,1.281250667572021484e+01,1.248042678833007812e+01,1.738825416564941406e+01,1.466924858093261719e+01,4.240997791290283203e+00,-2.318102598190307617e+00,-8.290707319974899292e-02,-1.377727508544921875e+00,-1.845903396606445312e+00,-2.893740653991699219e+00,-4.971468925476074219e+00,-9.640656471252441406e+00,-7.429185390472412109e+00,-1.750357437133789062e+01,-1.748484611511230469e+01,-1.997667121887207031e+01,-2.417765808105468750e+01,-2.198723793029785156e+01,-2.489859199523925781e+01,-2.177898406982421875e+01,-1.520846271514892578e+01,-1.169214057922363281e+01,-6.700123310089111328e+00,-2.549488656222820282e-02,1.225877666473388672e+01,1.368980979919433594e+01,2.876681327819824219e+01,2.679802894592285156e+01,2.370915031433105469e+01,2.926119804382324219e+01,2.256839561462402344e+01,1.364236164093017578e+01,1.025368595123291016e+01,2.894742488861083984e+00,nan,-5.525681018829345703e+00,-1.885073280334472656e+01,-3.554984283447265625e+01,-3.163307189941406250e+01,-2.792513084411621094e+01,-2.784610748291015625e+01,-3.398293304443359375e+01,-1.381068134307861328e+01,-1.279086303710937500e+01,nan,nan,nan,nan,nan,nan,nan,nan,nan,nan,nan,nan,nan,nan,nan,nan,nan,nan,nan,nan,nan,nan,nan,nan,nan,nan,nan,nan,nan,nan,nan,nan,nan,nan,nan,nan,nan,nan,nan,nan,nan
nan,nan,nan,nan,nan,nan,nan,nan,nan,nan,nan,nan,nan,nan,nan,nan,nan,nan,nan,nan,nan,nan,nan,nan,nan,nan,nan,nan,nan,nan,nan,nan,nan,nan,nan,nan,nan,1.873360252380371094e+01,1.819614982604980469e+01,1.915986251831054688e+01,1.622827148437500000e+01,1.625911521911621094e+01,1.173210525512695312e+01,9.171152114868164062e+00,8.311789512634277344e+00,-8.070148468017578125e+00,-1.938640713691711426e+00,-1.952567547559738159e-01,-4.590436458587646484e+00,-6.795798778533935547e+00,-8.288895606994628906e+00,-1.667016983032226562e+01,-1.094413471221923828e+01,nan,-2.708824539184570312e+01,-2.496325302124023438e+01,-2.306518936157226562e+01,-3.308670043945312500e+01,-2.762876892089843750e+01,-2.347830772399902344e+01,-1.816807937622070312e+01,nan,-9.589744567871093750e+00,-1.058672547340393066e+00,1.343245220184326172e+01,1.632609748840332031e+01,2.500279808044433594e+01,2.230309867858886719e+01,2.924786949157714844e+01,1.717071151733398438e+01,1.413157844543457031e+01,1.394122314453125000e+01,9.714778900146484375e+00,1.130100965499877930e+00,nan,nan,-2.361173629760742188e+01,-2.548876571655273438e+01,-2.290963745117187500e+01,nan,-1.713955688476562500e+01,nan,-1.556413555145263672e+01,nan,nan,nan,nan,nan,nan,nan,nan,nan,nan,nan,nan,nan,nan,nan,nan,nan,nan,nan,nan,nan,nan,nan,nan,nan,nan,nan,nan,nan,nan,nan,nan,nan,nan,nan,nan,nan,nan,nan,nan,nan,nan
nan,nan,nan,nan,nan,nan,nan,nan,nan,nan,nan,nan,nan,nan,nan,nan,nan,nan,nan,nan,nan,nan,nan,nan,nan,nan,nan,nan,nan,nan,nan,nan,nan,nan,nan,nan,nan,nan,nan,1.659849739074707031e+01,1.560398483276367188e+01,nan,nan,nan,nan,nan,nan,nan,nan,nan,nan,nan,nan,nan,-1.755764770507812500e+01,-1.961939811706542969e+01,-2.029016685485839844e+01,-2.036252784729003906e+01,-2.406248283386230469e+01,-2.246461296081542969e+01,-1.196066665649414062e+01,nan,-3.238787174224853516e+00,4.090887546539306641e+00,1.617755889892578125e+01,1.493582725524902344e+01,1.958848953247070312e+01,1.521384716033935547e+01,1.464454269409179688e+01,1.044039154052734375e+01,1.398340415954589844e+01,1.277863979339599609e+01,5.494060516357421875e+00,-1.444278478622436523e+00,-9.690446853637695312e+00,-1.210570526123046875e+01,-1.614702415466308594e+01,-1.589645004272460938e+01,-1.677441024780273438e+01,nan,nan,nan,nan,nan,nan,nan,nan,nan,nan,nan,nan,nan,nan,nan,nan,nan,nan,nan,nan,nan,nan,nan,nan,nan,nan,nan,nan,nan,nan,nan,nan,nan,nan,nan,nan,nan,nan,nan,nan,nan,nan,nan,nan,nan,nan
nan,nan,nan,nan,nan,nan,nan,nan,nan,nan,nan,nan,nan,nan,nan,nan,nan,nan,nan,nan,nan,nan,nan,nan,nan,nan,nan,nan,nan,nan,nan,nan,nan,nan,nan,nan,nan,nan,nan,nan,nan,nan,nan,nan,nan,nan,nan,nan,nan,nan,nan,nan,nan,nan,nan,nan,nan,-2.137403106689453125e+01,-1.953022193908691406e+01,-1.587569141387939453e+01,-1.105605030059814453e+01,-6.360187530517578125e+00,-8.539864540100097656e+00,1.224051117897033691e+00,5.764783859252929688e+00,3.940459489822387695e+00,1.157147789001464844e+01,1.132164001464843750e+01,8.004854202270507812e+00,8.870734214782714844e+00,1.275839328765869141e+01,8.629848480224609375e+00,7.669506669044494629e-01,-9.157956123352050781e+00,-1.752998542785644531e+01,-1.389951419830322266e+01,-1.498244762420654297e+01,-1.211979579925537109e+01,-2.018843460083007812e+01,nan,nan,nan,-2.050527572631835938e+01,nan,nan,nan,nan,nan,nan,nan,nan,nan,nan,nan,nan,nan,nan,nan,nan,nan,nan,nan,nan,nan,nan,nan,nan,nan,nan,nan,nan,nan,nan,nan,nan,nan,nan,nan,nan,nan,nan,nan,nan,nan,nan
nan,nan,nan,nan,nan,nan,nan,nan,nan,nan,nan,nan,nan,nan,nan,nan,nan,nan,nan,nan,nan,nan,nan,nan,nan,nan,nan,nan,nan,nan,nan,nan,nan,nan,nan,nan,nan,nan,nan,nan,nan,nan,nan,nan,nan,nan,nan,nan,nan,nan,nan,nan,nan,nan,nan,nan,nan,nan,nan,nan,nan,-6.204034328460693359e+00,nan,-1.764194607734680176e+00,-1.100848913192749023e+00,-3.592451333999633789e+00,-8.636739730834960938e+00,-6.254382133483886719e+00,-4.478402137756347656e+00,3.884792327880859375e+00,1.211049461364746094e+01,-2.886226654052734375e+00,-1.385497570037841797e+01,-2.069648742675781250e+01,-2.075794029235839844e+01,-2.174156570434570312e+01,-3.036822509765625000e+01,-8.106292724609375000e+00,nan,nan,nan,nan,nan,nan,nan,nan,nan,nan,nan,nan,nan,nan,nan,nan,nan,nan,nan,nan,nan,nan,nan,nan,nan,nan,nan,nan,nan,nan,nan,nan,nan,nan,nan,nan,nan,nan,nan,nan,nan,nan,nan,nan,nan,nan,nan
nan,nan,nan,nan,nan,nan,nan,nan,nan,nan,nan,nan,nan,nan,nan,nan,nan,nan,nan,nan,nan,nan,nan,nan,nan,nan,nan,nan,nan,nan,nan,nan,nan,nan,nan,nan,nan,nan,nan,nan,nan,nan,nan,nan,nan,nan,nan,nan,nan,nan,nan,nan,nan,nan,nan,nan,nan,nan,nan,nan,nan,nan,nan,nan,2.141779899597167969e+00,-7.456388473510742188e+00,-1.373734664916992188e+01,-1.308451557159423828e+01,-8.849633932113647461e-01,5.747946739196777344e+00,4.365856647491455078e+00,-7.736416816711425781e+00,-1.977515220642089844e+01,-2.282303047180175781e+01,-2.347661018371582031e+01,-2.870591735839843750e+01,-1.989038467407226562e+01,-3.734882354736328125e+01,-2.085836601257324219e+01,-2.093985176086425781e+01,nan,nan,nan,nan,nan,nan,nan,nan,nan,nan,nan,nan,nan,nan,nan,nan,nan,nan,nan,nan,nan,nan,nan,nan,nan,nan,nan,nan,nan,nan,nan,nan,nan,nan,nan,nan,nan,nan,nan,nan,nan,nan,nan,nan,nan
nan,nan,nan,nan,nan,nan,nan,nan,nan,nan,nan,nan,nan,nan,nan,nan,nan,nan,nan,nan,nan,nan,nan,nan,nan,nan,nan,nan,nan,nan,nan,nan,nan,nan,nan,nan,nan,nan,nan,nan,nan,nan,nan,nan,nan,nan,nan,nan,nan,nan,nan,nan,nan,nan,nan,nan,nan,nan,nan,nan,nan,nan,nan,nan,nan,nan,1.491986274719238281e+00,1.588685870170593262e+00,3.990409374237060547e-01,-1.886267662048339844e+00,-6.202442646026611328e+00,-1.149027538299560547e+01,-2.945016098022460938e+01,-2.789422607421875000e+01,-2.391183853149414062e+01,-3.414934921264648438e+01,-2.028282546997070312e+01,nan,nan,nan,nan,nan,nan,nan,nan,nan,nan,nan,nan,nan,nan,nan,nan,nan,nan,nan,nan,nan,nan,nan,nan,nan,nan,nan,nan,nan,nan,nan,nan,nan,nan,nan,nan,nan,nan,nan,nan,nan,nan,nan,nan,nan,nan,nan,nan
nan,nan,nan,nan,nan,nan,nan,nan,nan,nan,nan,nan,nan,nan,nan,nan,nan,nan,nan,nan,nan,nan,nan,nan,nan,nan,nan,nan,nan,nan,nan,nan,nan,nan,nan,nan,nan,nan,nan,nan,nan,nan,nan,nan,nan,nan,nan,nan,nan,nan,nan,nan,nan,nan,nan,nan,nan,nan,nan,nan,nan,nan,nan,nan,nan,nan,nan,nan,nan,-4.421299457550048828e+00,nan,nan,nan,nan,nan,nan,nan,nan,nan,nan,nan,nan,nan,nan,nan,nan,nan,nan,nan,nan,nan,nan,nan,nan,nan,nan,nan,nan,nan,nan,nan,nan,nan,nan,nan,nan,nan,nan,nan,nan,nan,nan,nan,nan,nan,nan,nan,nan,nan,nan,nan,nan,nan,nan,nan
nan,nan,nan,nan,nan,nan,nan,nan,nan,nan,nan,nan,nan,nan,nan,nan,nan,nan,nan,nan,nan,nan,nan,nan,nan,nan,nan,nan,nan,nan,nan,nan,nan,nan,nan,nan,nan,nan,nan,nan,nan,nan,nan,nan,nan,nan,nan,nan,nan,nan,nan,nan,nan,nan,nan,nan,nan,nan,nan,nan,nan,nan,nan,nan,nan,nan,nan,nan,nan,nan,nan,nan,nan,nan,nan,nan,nan,nan,nan,nan,nan,nan,nan,nan,nan,nan,nan,nan,nan,nan,nan,nan,nan,nan,nan,nan,nan,nan,nan,nan,nan,nan,nan,nan,nan,nan,nan,nan,nan,nan,nan,nan,nan,nan,nan,nan,nan,nan,nan,nan,nan,nan,nan,nan,nan
nan,nan,nan,nan,nan,nan,nan,nan,nan,nan,nan,nan,nan,nan,nan,nan,nan,nan,nan,nan,nan,nan,nan,nan,nan,nan,nan,nan,nan,nan,nan,nan,nan,nan,nan,nan,nan,nan,nan,nan,nan,nan,nan,nan,nan,nan,nan,nan,nan,nan,nan,nan,nan,nan,nan,nan,nan,nan,nan,nan,nan,nan,nan,nan,nan,nan,nan,nan,nan,nan,nan,nan,nan,nan,nan,nan,nan,nan,nan,nan,nan,nan,nan,nan,nan,nan,nan,nan,nan,nan,nan,nan,nan,nan,nan,nan,nan,nan,nan,nan,nan,nan,nan,nan,nan,nan,nan,nan,nan,nan,nan,nan,nan,nan,nan,nan,nan,nan,nan,nan,nan,nan,nan,nan,nan
nan,nan,nan,nan,nan,nan,nan,nan,nan,nan,nan,nan,nan,nan,nan,nan,nan,nan,nan,nan,nan,nan,nan,nan,nan,nan,nan,nan,nan,nan,nan,nan,nan,nan,nan,nan,nan,nan,nan,nan,nan,nan,nan,nan,nan,nan,nan,nan,nan,nan,nan,nan,nan,nan,nan,nan,nan,nan,nan,nan,nan,nan,nan,nan,nan,nan,nan,nan,nan,nan,nan,nan,nan,nan,nan,nan,nan,nan,nan,nan,nan,nan,nan,nan,nan,nan,nan,nan,nan,nan,nan,nan,nan,nan,nan,nan,nan,nan,nan,nan,nan,nan,nan,nan,nan,nan,nan,nan,nan,nan,nan,nan,nan,nan,nan,nan,nan,nan,nan,nan,nan,nan,nan,nan,nan
nan,nan,nan,nan,nan,nan,nan,nan,nan,nan,nan,nan,nan,nan,nan,nan,nan,nan,nan,nan,nan,nan,nan,nan,nan,nan,nan,nan,nan,nan,nan,nan,nan,nan,nan,nan,nan,nan,nan,nan,nan,nan,nan,nan,nan,nan,nan,nan,nan,nan,nan,nan,nan,nan,nan,nan,nan,nan,nan,nan,nan,nan,nan,nan,nan,nan,nan,nan,nan,nan,nan,nan,nan,nan,nan,nan,nan,nan,nan,nan,nan,nan,nan,nan,nan,nan,nan,nan,nan,nan,nan,nan,nan,nan,nan,nan,nan,nan,nan,nan,nan,nan,nan,nan,nan,nan,nan,nan,nan,nan,nan,nan,nan,nan,nan,nan,nan,nan,nan,nan,nan,nan,nan,nan,nan
nan,nan,nan,nan,nan,nan,nan,nan,nan,nan,nan,nan,nan,nan,nan,nan,nan,nan,nan,nan,nan,nan,nan,nan,nan,nan,nan,nan,nan,nan,nan,nan,nan,nan,nan,nan,nan,nan,nan,nan,nan,nan,nan,nan,nan,nan,nan,nan,nan,nan,nan,nan,nan,nan,nan,nan,nan,nan,nan,nan,nan,nan,nan,nan,nan,nan,nan,nan,nan,nan,nan,nan,nan,nan,nan,nan,nan,nan,nan,nan,nan,nan,nan,nan,nan,nan,nan,nan,nan,nan,nan,nan,nan,nan,nan,nan,nan,nan,nan,nan,nan,nan,nan,nan,nan,nan,nan,nan,nan,nan,nan,nan,nan,nan,nan,nan,nan,nan,nan,nan,nan,nan,nan,nan,nan
nan,nan,nan,nan,nan,nan,nan,nan,nan,nan,nan,nan,nan,nan,nan,nan,nan,nan,nan,nan,nan,nan,nan,nan,nan,nan,nan,nan,nan,nan,nan,nan,nan,nan,nan,nan,nan,nan,nan,nan,nan,nan,nan,nan,nan,nan,nan,nan,nan,nan,nan,nan,nan,nan,nan,nan,nan,nan,nan,nan,nan,nan,nan,nan,nan,nan,nan,nan,nan,nan,nan,nan,nan,nan,nan,nan,nan,nan,nan,nan,nan,nan,nan,nan,nan,nan,nan,nan,nan,nan,nan,nan,nan,nan,nan,nan,nan,nan,nan,nan,nan,nan,nan,nan,nan,nan,nan,nan,nan,nan,nan,nan,nan,nan,nan,nan,nan,nan,nan,nan,nan,nan,nan,nan,nan
nan,nan,nan,nan,nan,nan,nan,nan,nan,nan,nan,nan,nan,nan,nan,nan,nan,nan,nan,nan,nan,nan,nan,nan,nan,nan,nan,nan,nan,nan,nan,nan,nan,nan,nan,nan,nan,nan,nan,nan,nan,nan,nan,nan,nan,nan,nan,nan,nan,nan,nan,nan,nan,nan,nan,nan,nan,nan,nan,nan,nan,nan,nan,nan,nan,nan,nan,nan,nan,nan,nan,nan,nan,nan,nan,nan,nan,nan,nan,nan,nan,nan,nan,nan,nan,nan,nan,nan,nan,nan,nan,nan,nan,nan,nan,nan,nan,nan,nan,nan,nan,nan,nan,nan,nan,nan,nan,nan,nan,nan,nan,nan,nan,nan,nan,nan,nan,nan,nan,nan,nan,nan,nan,nan,nan
nan,nan,nan,nan,nan,nan,nan,nan,nan,nan,nan,nan,nan,nan,nan,nan,nan,nan,nan,nan,nan,nan,nan,nan,nan,nan,nan,nan,nan,nan,nan,nan,nan,nan,nan,nan,nan,nan,nan,nan,nan,nan,nan,nan,nan,nan,nan,nan,nan,nan,nan,nan,nan,nan,nan,nan,nan,nan,nan,nan,nan,nan,nan,nan,nan,nan,nan,nan,nan,nan,nan,nan,nan,nan,nan,nan,nan,nan,nan,nan,nan,nan,nan,nan,nan,nan,nan,nan,nan,nan,nan,nan,nan,nan,nan,nan,nan,nan,nan,nan,nan,nan,nan,nan,nan,nan,nan,nan,nan,nan,nan,nan,nan,nan,nan,nan,nan,nan,nan,nan,nan,nan,nan,nan,nan
nan,nan,nan,nan,nan,nan,nan,nan,nan,nan,nan,nan,nan,nan,nan,nan,nan,nan,nan,nan,nan,nan,nan,nan,nan,nan,nan,nan,nan,nan,nan,nan,nan,nan,nan,nan,nan,nan,nan,nan,nan,nan,nan,nan,nan,nan,nan,nan,nan,nan,nan,nan,nan,nan,nan,nan,nan,nan,nan,nan,nan,nan,nan,nan,nan,nan,nan,nan,nan,nan,nan,nan,nan,nan,nan,nan,nan,nan,nan,nan,nan,nan,nan,nan,nan,nan,nan,nan,nan,nan,nan,nan,nan,nan,nan,nan,nan,nan,nan,nan,nan,nan,nan,nan,nan,nan,nan,nan,nan,nan,nan,nan,nan,nan,nan,nan,nan,nan,nan,nan,nan,nan,nan,nan,nan
nan,nan,nan,nan,nan,nan,nan,nan,nan,nan,nan,nan,nan,nan,nan,nan,nan,nan,nan,nan,nan,nan,nan,nan,nan,nan,nan,nan,nan,nan,nan,nan,nan,nan,nan,nan,nan,nan,nan,nan,nan,nan,nan,nan,nan,nan,nan,nan,nan,nan,nan,nan,nan,nan,nan,nan,nan,nan,nan,nan,nan,nan,nan,nan,nan,nan,nan,nan,nan,nan,nan,nan,nan,nan,nan,nan,nan,nan,nan,nan,nan,nan,nan,nan,nan,nan,nan,nan,nan,nan,nan,nan,nan,nan,nan,nan,nan,nan,nan,nan,nan,nan,nan,nan,nan,nan,nan,nan,nan,nan,nan,nan,nan,nan,nan,nan,nan,nan,nan,nan,nan,nan,nan,nan,nan
nan,nan,nan,nan,nan,nan,nan,nan,nan,nan,nan,nan,nan,nan,nan,nan,nan,nan,nan,nan,nan,nan,nan,nan,nan,nan,nan,nan,nan,nan,nan,nan,nan,nan,nan,nan,nan,nan,nan,nan,nan,nan,nan,nan,nan,nan,nan,nan,nan,nan,nan,nan,nan,nan,nan,nan,nan,nan,nan,nan,nan,nan,nan,nan,nan,nan,nan,nan,nan,nan,nan,nan,nan,nan,nan,nan,nan,nan,nan,nan,nan,nan,nan,nan,nan,nan,nan,nan,nan,nan,nan,nan,nan,nan,nan,nan,nan,nan,nan,nan,nan,nan,nan,nan,nan,nan,nan,nan,nan,nan,nan,nan,nan,nan,nan,nan,nan,nan,nan,nan,nan,nan,nan,nan,nan
nan,nan,nan,nan,nan,nan,nan,nan,nan,nan,nan,nan,nan,nan,nan,nan,nan,nan,nan,nan,nan,nan,nan,nan,nan,nan,nan,nan,nan,nan,nan,nan,nan,nan,nan,nan,nan,nan,nan,nan,nan,nan,nan,nan,nan,nan,nan,nan,nan,nan,nan,nan,nan,nan,nan,nan,nan,nan,nan,nan,nan,nan,nan,nan,nan,nan,nan,nan,nan,nan,nan,nan,nan,nan,nan,nan,nan,nan,nan,nan,nan,nan,nan,nan,nan,nan,nan,nan,nan,nan,nan,nan,nan,nan,nan,nan,nan,nan,nan,nan,nan,nan,nan,nan,nan,nan,nan,nan,nan,nan,nan,nan,nan,nan,nan,nan,nan,nan,nan,nan,nan,nan,nan,nan,nan
nan,nan,nan,nan,nan,nan,nan,nan,nan,nan,nan,nan,nan,nan,nan,nan,nan,nan,nan,nan,nan,nan,nan,nan,nan,nan,nan,nan,nan,nan,nan,nan,nan,nan,nan,nan,nan,nan,nan,nan,nan,nan,nan,nan,nan,nan,nan,nan,nan,nan,nan,nan,nan,nan,nan,nan,nan,nan,nan,nan,nan,nan,nan,nan,nan,nan,nan,nan,nan,nan,nan,nan,nan,nan,nan,nan,nan,nan,nan,nan,nan,nan,nan,nan,nan,nan,nan,nan,nan,nan,nan,nan,nan,nan,nan,nan,nan,nan,nan,nan,nan,nan,nan,nan,nan,nan,nan,nan,nan,nan,nan,nan,nan,nan,nan,nan,nan,nan,nan,nan,nan,nan,nan,nan,nan
nan,nan,nan,nan,nan,nan,nan,nan,nan,nan,nan,nan,nan,nan,nan,nan,nan,nan,nan,nan,nan,nan,nan,nan,nan,nan,nan,nan,nan,nan,nan,nan,nan,nan,nan,nan,nan,nan,nan,nan,nan,nan,nan,nan,nan,nan,nan,nan,nan,nan,nan,nan,nan,nan,nan,nan,nan,nan,nan,nan,nan,nan,nan,nan,nan,nan,nan,nan,nan,nan,nan,nan,nan,nan,nan,nan,nan,nan,nan,nan,nan,nan,nan,nan,nan,nan,nan,nan,nan,nan,nan,nan,nan,nan,nan,nan,nan,nan,nan,nan,nan,nan,nan,nan,nan,nan,nan,nan,nan,nan,nan,nan,nan,nan,nan,nan,nan,nan,nan,nan,nan,nan,nan,nan,nan
nan,nan,nan,nan,nan,nan,nan,nan,nan,nan,nan,nan,nan,nan,nan,nan,nan,nan,nan,nan,nan,nan,nan,nan,nan,nan,nan,nan,nan,nan,nan,nan,nan,nan,nan,nan,nan,nan,nan,nan,nan,nan,nan,nan,nan,nan,nan,nan,nan,nan,nan,nan,nan,nan,nan,nan,nan,nan,nan,nan,nan,nan,nan,nan,nan,nan,nan,nan,nan,nan,nan,nan,nan,nan,nan,nan,nan,nan,nan,nan,nan,nan,nan,nan,nan,nan,nan,nan,nan,nan,nan,nan,nan,nan,nan,nan,nan,nan,nan,nan,nan,nan,nan,nan,nan,nan,nan,nan,nan,nan,nan,nan,nan,nan,nan,nan,nan,nan,nan,nan,nan,nan,nan,nan,nan
nan,nan,nan,nan,nan,nan,nan,nan,nan,nan,nan,nan,nan,nan,nan,nan,nan,nan,nan,nan,nan,nan,nan,nan,nan,nan,nan,nan,nan,nan,nan,nan,nan,nan,nan,nan,nan,nan,nan,nan,nan,nan,nan,nan,nan,nan,nan,nan,nan,nan,nan,nan,nan,nan,nan,nan,nan,nan,nan,nan,nan,nan,nan,nan,nan,nan,nan,nan,nan,nan,nan,nan,nan,nan,nan,nan,nan,nan,nan,nan,nan,nan,nan,nan,nan,nan,nan,nan,nan,nan,nan,nan,nan,nan,nan,nan,nan,nan,nan,nan,nan,nan,nan,nan,nan,nan,nan,nan,nan,nan,nan,nan,nan,nan,nan,nan,nan,nan,nan,nan,nan,nan,nan,nan,nan
