nan,nan,nan,nan,nan,nan,nan,nan,nan,nan,nan,nan,nan,nan,nan,nan,nan,nan,nan,nan,nan,nan,nan,nan,nan,nan,nan,nan,nan,nan,nan,nan,nan,nan,nan,nan,nan,nan,nan,nan,nan,nan,nan,nan,nan,nan,nan,nan,nan,nan,nan,nan,nan,nan,nan,nan,nan,nan,nan,nan,nan,nan,nan,nan,nan,nan,nan,nan,nan,nan,nan,nan,nan,nan,nan,nan,nan,nan,nan,nan,nan,nan,nan,nan,nan,nan,nan,nan,nan,nan,nan,nan,nan,nan,nan,nan,nan,nan,nan,nan,nan,nan,nan,nan,nan,nan,nan,nan,nan,nan,nan,nan,nan,nan,nan,nan,nan,nan,nan
nan,nan,nan,nan,nan,nan,nan,nan,nan,nan,nan,nan,nan,nan,nan,nan,nan,nan,nan,nan,nan,nan,nan,nan,nan,nan,nan,nan,nan,nan,nan,nan,nan,nan,nan,nan,nan,nan,nan,nan,nan,nan,nan,nan,nan,nan,nan,nan,nan,nan,nan,nan,nan,nan,nan,nan,nan,nan,nan,nan,nan,nan,nan,nan,nan,nan,nan,nan,nan,nan,nan,nan,nan,nan,nan,nan,nan,nan,nan,nan,nan,nan,nan,nan,nan,nan,nan,nan,nan,nan,nan,nan,nan,nan,nan,nan,nan,nan,nan,nan,nan,nan,nan,nan,nan,nan,nan,nan,nan,nan,nan,nan,nan,nan,nan,nan,nan,nan,nan
nan,nan,nan,nan,nan,nan,nan,nan,nan,nan,nan,nan,nan,nan,nan,nan,nan,nan,nan,nan,nan,nan,nan,nan,nan,nan,nan,nan,nan,nan,nan,nan,nan,nan,nan,nan,nan,nan,nan,nan,nan,nan,nan,nan,nan,nan,nan,nan,nan,nan,nan,nan,nan,nan,nan,nan,nan,nan,nan,nan,nan,nan,nan,nan,nan,nan,nan,nan,nan,nan,nan,nan,nan,nan,nan,nan,nan,nan,nan,nan,nan,nan,nan,nan,nan,nan,nan,nan,nan,nan,nan,nan,nan,nan,nan,nan,nan,nan,nan,nan,nan,nan,nan,nan,nan,nan,nan,nan,nan,nan,nan,nan,nan,nan,nan,nan,nan,nan,nan
nan,nan,nan,nan,nan,nan,nan,nan,nan,nan,nan,nan,nan,nan,nan,nan,nan,nan,nan,nan,nan,nan,nan,nan,nan,nan,nan,nan,nan,nan,nan,nan,nan,nan,nan,nan,nan,nan,nan,nan,nan,nan,nan,nan,nan,nan,nan,nan,nan,nan,nan,nan,nan,nan,nan,nan,nan,nan,nan,nan,nan,nan,nan,nan,nan,nan,nan,nan,nan,nan,nan,nan,nan,nan,nan,nan,nan,nan,nan,nan,nan,nan,nan,nan,nan,nan,nan,nan,nan,nan,nan,nan,nan,nan,nan,nan,nan,nan,nan,nan,nan,nan,nan,nan,nan,nan,nan,nan,nan,nan,nan,nan,nan,nan,nan,nan,nan,nan,nan
nan,nan,nan,nan,nan,nan,nan,nan,nan,nan,nan,nan,nan,nan,nan,nan,nan,nan,nan,nan,nan,nan,nan,nan,nan,nan,nan,nan,nan,nan,nan,nan,nan,nan,nan,nan,nan,nan,nan,nan,nan,nan,nan,nan,nan,nan,nan,nan,nan,nan,nan,nan,nan,nan,nan,nan,nan,nan,nan,nan,nan,nan,nan,nan,nan,nan,nan,nan,nan,nan,nan,nan,nan,nan,nan,nan,nan,nan,nan,nan,nan,nan,nan,nan,nan,nan,nan,nan,nan,nan,nan,nan,nan,nan,nan,nan,nan,nan,nan,nan,nan,nan,nan,nan,nan,nan,nan,nan,nan,nan,nan,nan,nan,nan,nan,nan,nan,nan,nan
nan,nan,nan,nan,nan,nan,nan,nan,nan,nan,nan,nan,nan,nan,nan,nan,nan,nan,nan,nan,nan,nan,nan,nan,nan,nan,nan,nan,nan,nan,nan,nan,nan,nan,nan,nan,nan,nan,nan,nan,nan,nan,nan,nan,nan,nan,nan,nan,nan,nan,nan,nan,nan,nan,nan,nan,nan,nan,nan,nan,nan,nan,nan,nan,nan,nan,nan,nan,nan,nan,nan,nan,nan,nan,nan,nan,nan,nan,nan,nan,nan,nan,nan,nan,nan,nan,nan,nan,nan,nan,nan,nan,nan,nan,nan,nan,nan,nan,nan,nan,nan,nan,nan,nan,nan,nan,nan,nan,nan,nan,nan,nan,nan,nan,nan,nan,nan,nan,nan
nan,nan,nan,nan,nan,nan,nan,nan,nan,nan,nan,nan,nan,nan,nan,nan,nan,nan,nan,nan,nan,nan,nan,nan,nan,nan,nan,nan,nan,nan,nan,nan,nan,nan,nan,nan,nan,nan,nan,nan,nan,nan,nan,nan,nan,nan,nan,nan,nan,nan,nan,nan,nan,nan,nan,nan,nan,nan,nan,nan,nan,nan,nan,nan,nan,nan,nan,nan,nan,nan,nan,nan,nan,nan,nan,nan,nan,nan,nan,nan,nan,nan,nan,nan,nan,nan,nan,nan,nan,nan,nan,nan,nan,nan,nan,nan,nan,nan,nan,nan,nan,nan,nan,nan,nan,nan,nan,nan,nan,nan,nan,nan,nan,nan,nan,nan,nan,nan,nan
nan,nan,nan,nan,nan,nan,nan,nan,nan,nan,nan,nan,nan,nan,nan,nan,nan,nan,nan,nan,nan,nan,nan,nan,nan,nan,nan,nan,nan,nan,nan,nan,nan,nan,nan,nan,nan,nan,nan,nan,nan,nan,nan,nan,nan,nan,nan,nan,nan,nan,nan,nan,nan,nan,nan,nan,nan,nan,nan,nan,nan,nan,nan,nan,nan,nan,nan,nan,nan,nan,nan,nan,nan,nan,nan,nan,nan,nan,nan,nan,nan,nan,nan,nan,nan,nan,nan,nan,nan,nan,nan,nan,nan,nan,nan,nan,nan,nan,nan,nan,nan,nan,nan,nan,nan,nan,nan,nan,nan,nan,nan,nan,nan,nan,nan,nan,nan,nan,nan
nan,nan,nan,nan,nan,nan,nan,nan,nan,nan,nan,nan,nan,nan,nan,nan,nan,nan,nan,nan,nan,nan,nan,nan,nan,nan,nan,nan,nan,nan,nan,nan,nan,nan,nan,nan,nan,nan,nan,nan,nan,nan,nan,nan,nan,nan,nan,nan,nan,nan,nan,nan,nan,nan,nan,nan,nan,nan,nan,nan,nan,nan,nan,nan,nan,nan,nan,nan,nan,nan,nan,nan,nan,nan,nan,nan,nan,nan,nan,nan,nan,nan,nan,nan,nan,nan,nan,nan,nan,nan,nan,nan,nan,nan,nan,nan,nan,nan,nan,nan,nan,nan,nan,nan,nan,nan,nan,nan,nan,nan,nan,nan,nan,nan,nan,nan,nan,nan,nan
nan,nan,nan,nan,nan,nan,nan,nan,nan,nan,nan,nan,nan,nan,nan,nan,nan,nan,nan,nan,nan,nan,nan,nan,nan,nan,nan,nan,nan,nan,nan,nan,nan,nan,nan,nan,nan,nan,nan,nan,nan,nan,nan,nan,nan,nan,nan,nan,nan,nan,nan,nan,nan,nan,nan,nan,nan,nan,nan,nan,nan,nan,nan,nan,nan,nan,nan,nan,nan,nan,nan,nan,nan,nan,nan,nan,nan,nan,nan,nan,nan,nan,nan,nan,nan,nan,nan,nan,nan,nan,nan,nan,nan,nan,nan,nan,nan,nan,nan,nan,nan,nan,nan,nan,nan,nan,nan,nan,nan,nan,nan,nan,nan,nan,nan,nan,nan,nan,nan
nan,nan,nan,nan,nan,nan,nan,nan,nan,nan,nan,nan,nan,nan,nan,nan,nan,nan,nan,nan,nan,nan,nan,nan,nan,nan,nan,nan,nan,nan,nan,nan,nan,nan,nan,nan,nan,nan,nan,nan,nan,nan,nan,nan,nan,nan,nan,nan,nan,nan,nan,nan,nan,nan,nan,nan,nan,nan,nan,nan,nan,nan,nan,nan,nan,nan,nan,nan,nan,nan,nan,nan,nan,nan,nan,nan,nan,nan,nan,nan,nan,nan,nan,nan,nan,nan,nan,nan,nan,nan,nan,nan,nan,nan,nan,nan,nan,nan,nan,nan,nan,nan,nan,nan,nan,nan,nan,nan,nan,nan,nan,nan,nan,nan,nan,nan,nan,nan,nan
nan,nan,nan,nan,nan,nan,nan,nan,nan,nan,nan,nan,nan,nan,nan,nan,nan,nan,nan,nan,nan,nan,nan,nan,nan,nan,nan,nan,nan,nan,nan,nan,nan,nan,nan,nan,nan,nan,nan,nan,nan,nan,nan,nan,nan,nan,nan,nan,nan,nan,nan,nan,nan,nan,nan,nan,nan,nan,nan,nan,nan,nan,nan,nan,nan,nan,nan,nan,nan,nan,nan,nan,nan,nan,nan,nan,nan,nan,nan,nan,nan,nan,nan,nan,nan,nan,nan,nan,nan,nan,nan,nan,nan,nan,nan,nan,nan,nan,nan,nan,nan,nan,nan,nan,nan,nan,nan,nan,nan,nan,nan,nan,nan,nan,nan,nan,nan,nan,nan
nan,nan,nan,nan,nan,nan,nan,nan,nan,nan,nan,nan,nan,nan,nan,nan,nan,nan,nan,nan,nan,nan,nan,nan,nan,nan,nan,nan,nan,nan,nan,nan,nan,nan,nan,nan,nan,nan,nan,nan,nan,nan,nan,nan,nan,nan,nan,nan,nan,nan,nan,nan,nan,nan,nan,nan,nan,nan,nan,nan,nan,nan,nan,nan,nan,nan,nan,nan,nan,nan,nan,nan,nan,nan,nan,nan,nan,nan,nan,nan,nan,nan,nan,nan,nan,nan,nan,nan,nan,nan,nan,nan,nan,nan,nan,nan,nan,nan,nan,nan,nan,nan,nan,nan,nan,nan,nan,nan,nan,nan,nan,nan,nan,nan,nan,nan,nan,nan,nan
nan,nan,nan,nan,nan,nan,nan,nan,nan,nan,nan,nan,nan,nan,nan,nan,nan,nan,nan,nan,nan,nan,nan,nan,nan,nan,nan,nan,nan,nan,nan,nan,nan,nan,nan,nan,nan,nan,nan,nan,nan,nan,nan,nan,nan,nan,nan,nan,nan,nan,nan,nan,nan,nan,nan,nan,nan,nan,nan,nan,nan,nan,nan,nan,nan,nan,nan,nan,nan,nan,nan,nan,nan,nan,nan,nan,nan,nan,nan,nan,nan,nan,nan,nan,nan,nan,nan,nan,nan,nan,nan,nan,nan,nan,nan,nan,nan,nan,nan,nan,nan,nan,nan,nan,nan,nan,nan,nan,nan,nan,nan,nan,nan,nan,nan,nan,nan,nan,nan
nan,nan,nan,nan,nan,nan,nan,nan,nan,nan,nan,nan,nan,nan,nan,nan,nan,nan,nan,nan,nan,nan,nan,nan,nan,nan,nan,nan,nan,nan,nan,nan,nan,nan,nan,nan,nan,nan,nan,nan,nan,nan,nan,nan,nan,nan,nan,nan,nan,nan,nan,nan,nan,nan,nan,nan,nan,nan,nan,nan,nan,nan,nan,nan,nan,nan,nan,nan,nan,nan,nan,nan,nan,nan,nan,nan,nan,nan,nan,nan,nan,nan,nan,nan,nan,nan,nan,nan,nan,nan,nan,nan,nan,nan,nan,nan,nan,nan,nan,nan,nan,nan,nan,nan,nan,nan,nan,nan,nan,nan,nan,nan,nan,nan,nan,nan,nan,nan,nan
nan,nan,nan,nan,nan,nan,nan,nan,nan,nan,nan,nan,nan,nan,nan,nan,nan,nan,nan,nan,nan,nan,nan,nan,nan,nan,nan,nan,nan,nan,nan,nan,nan,nan,nan,nan,nan,nan,nan,nan,nan,nan,nan,nan,nan,nan,nan,nan,nan,nan,nan,nan,nan,nan,nan,nan,nan,nan,nan,nan,nan,nan,nan,nan,nan,nan,nan,nan,nan,nan,nan,nan,nan,nan,nan,nan,nan,nan,nan,nan,nan,nan,nan,nan,nan,nan,nan,nan,nan,nan,nan,nan,nan,nan,nan,nan,nan,nan,nan,nan,nan,nan,nan,nan,nan,nan,nan,nan,nan,nan,nan,nan,nan,nan,nan,nan,nan,nan,nan
nan,nan,nan,nan,nan,nan,nan,nan,nan,nan,nan,nan,nan,nan,nan,nan,nan,nan,nan,nan,nan,nan,nan,nan,nan,nan,nan,nan,nan,nan,nan,nan,nan,nan,nan,nan,nan,nan,nan,nan,nan,nan,nan,nan,nan,nan,nan,nan,nan,nan,nan,nan,nan,nan,nan,nan,nan,nan,nan,nan,nan,nan,nan,nan,nan,nan,nan,nan,nan,nan,nan,nan,nan,nan,nan,nan,nan,nan,nan,nan,nan,nan,nan,nan,nan,nan,nan,nan,nan,nan,nan,nan,nan,nan,nan,nan,nan,nan,nan,nan,nan,nan,nan,nan,nan,nan,nan,nan,nan,nan,nan,nan,nan,nan,nan,nan,nan,nan,nan
nan,nan,nan,nan,nan,nan,nan,nan,nan,nan,nan,nan,nan,nan,nan,nan,nan,nan,nan,nan,nan,nan,nan,nan,nan,nan,nan,nan,nan,nan,nan,nan,nan,nan,nan,nan,nan,nan,nan,nan,nan,nan,nan,nan,nan,nan,nan,nan,nan,nan,nan,nan,nan,nan,nan,nan,nan,nan,nan,nan,nan,nan,nan,nan,nan,nan,nan,nan,nan,nan,nan,nan,nan,nan,nan,nan,nan,nan,nan,nan,nan,nan,nan,nan,nan,nan,nan,nan,nan,nan,nan,nan,nan,nan,nan,nan,nan,nan,nan,nan,nan,nan,nan,nan,nan,nan,nan,nan,nan,nan,nan,nan,nan,nan,nan,nan,nan,nan,nan
nan,nan,nan,nan,nan,nan,nan,nan,nan,nan,nan,nan,nan,nan,nan,nan,nan,nan,nan,nan,nan,nan,nan,nan,nan,nan,nan,nan,nan,nan,nan,nan,nan,nan,nan,nan,nan,nan,nan,nan,nan,nan,nan,nan,nan,nan,nan,nan,nan,nan,nan,nan,nan,nan,nan,nan,nan,nan,nan,nan,nan,nan,nan,nan,nan,nan,nan,nan,nan,nan,nan,nan,nan,nan,nan,nan,nan,nan,nan,nan,nan,nan,nan,nan,nan,nan,nan,nan,nan,nan,nan,nan,nan,nan,nan,nan,nan,nan,nan,nan,nan,nan,nan,nan,nan,nan,nan,nan,nan,nan,nan,nan,nan,nan,nan,nan,nan,nan,nan
nan,nan,nan,nan,nan,nan,nan,nan,nan,nan,nan,nan,nan,nan,nan,nan,nan,nan,nan,nan,nan,nan,nan,nan,nan,nan,nan,nan,nan,nan,nan,nan,nan,nan,nan,nan,nan,nan,nan,nan,nan,nan,nan,nan,nan,nan,nan,nan,nan,nan,nan,nan,nan,nan,nan,nan,nan,nan,nan,nan,nan,nan,nan,nan,nan,nan,nan,nan,nan,nan,nan,nan,nan,nan,nan,nan,nan,nan,nan,nan,nan,nan,nan,nan,nan,nan,nan,nan,nan,nan,nan,nan,nan,nan,nan,nan,nan,nan,nan,nan,nan,nan,nan,nan,nan,nan,nan,nan,nan,nan,nan,nan,nan,nan,nan,nan,nan,nan,nan
nan,nan,nan,nan,nan,nan,nan,nan,nan,nan,nan,nan,nan,nan,nan,nan,nan,nan,nan,nan,nan,nan,nan,nan,nan,nan,nan,nan,nan,nan,nan,nan,nan,nan,nan,nan,nan,nan,nan,nan,nan,nan,nan,nan,nan,nan,nan,nan,nan,nan,nan,nan,nan,nan,nan,nan,nan,nan,nan,nan,nan,nan,nan,nan,nan,nan,nan,nan,nan,nan,nan,nan,nan,nan,nan,nan,nan,nan,nan,nan,nan,nan,nan,nan,nan,nan,nan,nan,nan,nan,nan,nan,nan,nan,nan,nan,nan,nan,nan,nan,nan,nan,nan,nan,nan,nan,nan,nan,nan,nan,nan,nan,nan,nan,nan,nan,nan,nan,nan
nan,nan,nan,nan,nan,nan,nan,nan,nan,nan,nan,nan,nan,nan,nan,nan,nan,nan,nan,nan,nan,nan,nan,nan,nan,nan,nan,nan,nan,nan,nan,nan,nan,nan,nan,nan,nan,nan,nan,nan,nan,nan,nan,nan,nan,nan,nan,nan,nan,nan,nan,nan,nan,nan,nan,nan,nan,nan,nan,nan,nan,nan,nan,nan,nan,nan,nan,nan,nan,nan,nan,nan,nan,nan,nan,nan,nan,nan,nan,nan,nan,nan,nan,nan,nan,nan,nan,nan,nan,nan,nan,nan,nan,nan,nan,nan,nan,nan,nan,nan,nan,nan,nan,nan,nan,nan,nan,nan,nan,nan,nan,nan,nan,nan,nan,nan,nan,nan,nan
nan,nan,nan,nan,nan,nan,nan,nan,nan,nan,nan,nan,nan,nan,nan,nan,nan,nan,nan,nan,nan,nan,nan,nan,nan,nan,nan,nan,nan,nan,nan,nan,nan,nan,nan,nan,nan,nan,nan,nan,nan,nan,nan,nan,nan,nan,nan,nan,nan,nan,nan,nan,nan,nan,nan,nan,nan,nan,nan,nan,nan,nan,nan,nan,nan,nan,nan,nan,nan,nan,nan,nan,nan,nan,nan,nan,nan,nan,nan,nan,nan,nan,nan,nan,nan,nan,nan,nan,nan,nan,nan,nan,nan,nan,nan,nan,nan,nan,nan,nan,nan,nan,nan,nan,nan,nan,nan,nan,nan,nan,nan,nan,nan,nan,nan,nan,nan,nan,nan
nan,nan,nan,nan,nan,nan,nan,nan,nan,nan,nan,nan,nan,nan,nan,nan,nan,nan,nan,nan,nan,nan,nan,nan,nan,nan,nan,nan,nan,nan,nan,nan,nan,nan,nan,nan,nan,nan,nan,nan,nan,nan,nan,nan,nan,nan,nan,nan,nan,nan,nan,nan,nan,nan,nan,nan,nan,nan,nan,nan,nan,nan,nan,nan,nan,nan,nan,nan,nan,nan,nan,nan,nan,nan,nan,nan,nan,nan,nan,nan,nan,nan,nan,nan,nan,nan,nan,nan,nan,nan,nan,nan,nan,nan,nan,nan,nan,nan,nan,nan,nan,nan,nan,nan,nan,nan,nan,nan,nan,nan,nan,nan,nan,nan,nan,nan,nan,nan,nan
nan,nan,nan,nan,nan,nan,nan,nan,nan,nan,nan,nan,nan,nan,nan,nan,nan,nan,nan,nan,nan,nan,nan,nan,nan,nan,nan,nan,nan,nan,nan,nan,nan,nan,nan,nan,nan,nan,nan,nan,nan,nan,nan,nan,nan,nan,nan,nan,nan,nan,nan,nan,nan,nan,nan,nan,nan,nan,nan,nan,nan,nan,nan,nan,nan,nan,nan,nan,nan,nan,nan,nan,nan,nan,nan,nan,nan,nan,nan,nan,nan,nan,nan,nan,nan,nan,nan,nan,nan,nan,nan,nan,nan,nan,nan,nan,nan,nan,nan,nan,nan,nan,nan,nan,nan,nan,nan,nan,nan,nan,nan,nan,nan,nan,nan,nan,nan,nan,nan
nan,nan,nan,nan,nan,nan,nan,nan,nan,nan,nan,nan,nan,nan,nan,nan,nan,nan,nan,nan,nan,nan,nan,nan,nan,nan,nan,nan,nan,nan,nan,nan,nan,nan,nan,nan,nan,nan,nan,nan,nan,nan,nan,nan,nan,nan,nan,nan,nan,-5.918608069419860840e+00,nan,nan,nan,nan,nan,nan,nan,nan,nan,nan,nan,nan,nan,nan,nan,nan,nan,nan,nan,nan,nan,nan,nan,nan,nan,nan,nan,nan,nan,nan,nan,nan,nan,nan,nan,nan,nan,nan,nan,nan,nan,nan,nan,nan,nan,nan,nan,nan,nan,nan,nan,nan,nan,nan,nan,nan,nan,nan,nan,nan,nan,nan,nan,nan,nan,nan,nan,nan,nan
nan,nan,nan,nan,nan,nan,nan,nan,nan,nan,nan,nan,nan,nan,nan,nan,nan,nan,nan,nan,nan,nan,nan,nan,nan,nan,nan,nan,nan,nan,nan,nan,nan,nan,nan,nan,nan,nan,nan,nan,nan,nan,nan,nan,nan,nan,nan,nan,nan,nan,nan,nan,nan,nan,nan,nan,nan,nan,nan,nan,nan,nan,nan,nan,nan,nan,nan,nan,nan,nan,nan,nan,nan,nan,nan,nan,nan,nan,nan,nan,nan,nan,nan,nan,nan,nan,nan,nan,nan,nan,nan,nan,nan,nan,nan,nan,nan,nan,nan,nan,nan,nan,nan,nan,nan,nan,nan,nan,nan,nan,nan,nan,nan,nan,nan,nan,nan,nan,nan
nan,nan,nan,nan,nan,nan,nan,nan,nan,nan,nan,nan,nan,nan,nan,nan,nan,nan,nan,nan,nan,nan,nan,nan,nan,nan,nan,nan,nan,nan,nan,nan,nan,nan,nan,nan,nan,nan,nan,nan,nan,nan,nan,nan,nan,nan,nan,nan,nan,nan,nan,nan,nan,nan,nan,nan,nan,nan,nan,nan,nan,nan,nan,nan,nan,nan,nan,nan,nan,nan,nan,nan,nan,nan,nan,nan,nan,nan,nan,nan,nan,nan,nan,nan,nan,nan,nan,nan,nan,nan,nan,nan,nan,nan,nan,nan,nan,nan,nan,nan,nan,nan,nan,nan,nan,nan,nan,nan,nan,nan,nan,nan,nan,nan,nan,nan,nan,nan,nan
nan,nan,nan,nan,nan,nan,nan,nan,nan,nan,nan,nan,nan,nan,nan,nan,nan,nan,nan,nan,nan,nan,nan,nan,nan,nan,nan,nan,nan,nan,nan,nan,nan,nan,nan,nan,nan,nan,nan,nan,nan,nan,nan,nan,nan,nan,nan,nan,nan,nan,nan,nan,nan,-4.345909059047698975e+00,nan,nan,nan,nan,nan,nan,nan,nan,nan,nan,nan,nan,nan,nan,nan,nan,nan,nan,nan,nan,nan,nan,nan,nan,nan,nan,nan,nan,nan,nan,nan,nan,nan,nan,nan,nan,nan,nan,nan,nan,nan,nan,nan,nan,nan,nan,nan,nan,nan,nan,nan,nan,nan,nan,nan,nan,nan,nan,nan,nan,nan,nan,nan,nan,nan
nan,nan,nan,nan,nan,nan,nan,nan,nan,nan,nan,nan,nan,nan,nan,nan,nan,nan,nan,nan,nan,nan,nan,nan,nan,nan,nan,nan,nan,nan,nan,nan,nan,nan,nan,nan,nan,nan,nan,nan,nan,nan,nan,nan,nan,nan,nan,nan,nan,nan,nan,nan,nan,-9.934390366077423096e+00,-9.684529423713684082e+00,nan,nan,nan,nan,nan,nan,nan,nan,nan,nan,nan,nan,nan,nan,nan,nan,nan,nan,nan,nan,nan,nan,nan,nan,nan,nan,nan,nan,nan,nan,nan,nan,nan,nan,nan,nan,nan,nan,nan,nan,nan,nan,nan,nan,nan,nan,nan,nan,nan,nan,nan,nan,nan,nan,nan,nan,nan,nan,nan,nan,nan,nan,nan,nan
nan,nan,nan,nan,nan,nan,nan,nan,nan,nan,nan,nan,nan,nan,nan,nan,nan,nan,nan,nan,nan,nan,nan,nan,nan,nan,nan,nan,nan,nan,nan,nan,nan,nan,nan,nan,nan,nan,nan,nan,nan,nan,nan,nan,nan,nan,nan,nan,nan,nan,nan,5.632718563079833984e+00,6.413584232330322266e+00,-1.901846289634704590e+01,-1.880252063274383545e+01,1.135654032230377197e+00,7.818668603897094727e+00,nan,nan,nan,nan,nan,nan,nan,nan,nan,nan,nan,nan,nan,nan,nan,nan,nan,nan,nan,nan,nan,nan,nan,nan,nan,nan,nan,nan,nan,nan,nan,nan,nan,nan,nan,nan,nan,nan,nan,nan,nan,nan,nan,nan,nan,nan,nan,nan,nan,nan,nan,nan,nan,nan,nan,nan,nan,nan,nan,nan,nan,nan
nan,nan,nan,nan,nan,nan,nan,nan,nan,nan,nan,nan,nan,nan,nan,nan,nan,nan,nan,nan,nan,nan,nan,nan,nan,nan,nan,nan,nan,nan,nan,nan,nan,nan,nan,nan,nan,nan,nan,nan,nan,nan,nan,nan,nan,nan,nan,nan,nan,nan,nan,nan,nan,-4.357175827026367188e-01,-1.503676795959472656e+01,6.048832654953002930e+00,9.195501387119293213e+00,1.160784673690795898e+01,nan,nan,nan,nan,nan,nan,nan,nan,nan,nan,nan,nan,nan,nan,nan,nan,nan,nan,nan,nan,nan,nan,nan,nan,nan,nan,nan,nan,nan,nan,nan,nan,nan,nan,nan,nan,nan,nan,nan,nan,nan,nan,nan,nan,nan,nan,nan,nan,nan,nan,nan,nan,nan,nan,nan,nan,nan,nan,nan,nan,nan
nan,nan,nan,nan,nan,nan,nan,nan,nan,nan,nan,nan,nan,nan,nan,nan,nan,nan,nan,nan,nan,nan,nan,nan,nan,nan,nan,nan,nan,nan,nan,nan,nan,nan,nan,nan,nan,nan,nan,nan,nan,nan,nan,nan,nan,nan,nan,nan,nan,nan,nan,nan,nan,1.927695178985595703e+01,8.094208478927612305e+00,6.716091871261596680e+00,2.214841890335083008e+01,nan,nan,nan,nan,nan,nan,nan,nan,nan,nan,nan,nan,nan,nan,nan,nan,nan,nan,nan,nan,nan,nan,nan,nan,nan,nan,nan,nan,nan,nan,nan,nan,nan,nan,nan,nan,nan,nan,nan,nan,nan,nan,nan,nan,nan,nan,nan,nan,nan,nan,nan,nan,nan,nan,nan,nan,nan,nan,nan,nan,nan,nan
nan,nan,nan,nan,nan,nan,nan,nan,nan,nan,nan,nan,nan,nan,nan,nan,nan,nan,nan,nan,nan,nan,nan,nan,nan,nan,nan,nan,nan,nan,nan,nan,nan,nan,nan,nan,nan,nan,nan,nan,nan,nan,nan,nan,nan,nan,nan,nan,nan,nan,nan,nan,nan,2.238970088958740234e+01,3.594634199142456055e+01,4.228661394119262695e+01,nan,nan,nan,nan,nan,nan,nan,nan,nan,nan,nan,nan,nan,nan,nan,nan,nan,nan,nan,nan,nan,nan,nan,nan,nan,nan,nan,nan,nan,nan,nan,nan,nan,nan,nan,nan,nan,nan,nan,nan,nan,nan,nan,nan,nan,nan,nan,nan,nan,nan,nan,nan,nan,nan,nan,nan,nan,nan,nan,nan,nan,nan,nan
nan,nan,nan,nan,nan,nan,nan,nan,nan,nan,nan,nan,nan,nan,nan,nan,nan,nan,nan,nan,nan,nan,nan,nan,nan,nan,nan,nan,nan,nan,nan,nan,nan,nan,nan,nan,nan,nan,nan,nan,nan,nan,nan,nan,nan,nan,nan,nan,nan,nan,nan,nan,3.633113384246826172e+01,6.454503202438354492e+01,4.505452394485473633e+01,nan,nan,nan,nan,nan,nan,nan,nan,nan,nan,nan,nan,nan,nan,nan,nan,nan,nan,nan,nan,nan,nan,nan,nan,nan,nan,nan,nan,nan,nan,nan,nan,nan,nan,nan,nan,nan,nan,nan,nan,nan,nan,nan,nan,nan,nan,nan,nan,nan,nan,nan,nan,nan,nan,nan,nan,nan,nan,nan,nan,nan,nan,nan,nan
nan,nan,nan,nan,nan,nan,nan,nan,nan,nan,nan,nan,nan,nan,nan,nan,nan,nan,nan,nan,nan,nan,nan,nan,nan,nan,nan,nan,nan,nan,nan,nan,nan,nan,nan,nan,nan,nan,nan,nan,nan,nan,nan,nan,nan,nan,nan,nan,nan,nan,nan,nan,5.062718486785888672e+01,5.688474655151367188e+01,3.387746238708496094e+01,nan,nan,nan,nan,nan,nan,nan,nan,nan,nan,nan,nan,nan,nan,nan,nan,nan,nan,nan,nan,nan,nan,nan,nan,nan,nan,nan,nan,nan,nan,nan,nan,nan,nan,nan,nan,nan,nan,nan,nan,nan,nan,nan,nan,nan,nan,nan,nan,nan,nan,nan,nan,nan,nan,nan,nan,nan,nan,nan,nan,nan,nan,nan,nan
nan,nan,nan,nan,nan,nan,nan,nan,nan,nan,nan,nan,nan,nan,nan,nan,nan,nan,nan,nan,nan,nan,nan,nan,nan,nan,nan,nan,nan,nan,nan,nan,nan,nan,nan,nan,nan,nan,nan,nan,nan,nan,nan,nan,nan,nan,nan,nan,nan,nan,nan,2.638897800445556641e+01,4.996460819244384766e+01,4.250545597076416016e+01,nan,nan,nan,nan,nan,nan,nan,nan,nan,nan,nan,nan,nan,nan,nan,nan,nan,nan,nan,nan,nan,nan,nan,nan,nan,nan,nan,nan,nan,nan,nan,nan,nan,nan,nan,nan,nan,nan,nan,nan,nan,nan,nan,nan,nan,nan,nan,nan,nan,nan,nan,nan,nan,nan,nan,nan,nan,nan,nan,nan,nan,nan,nan,nan,nan
nan,nan,nan,nan,nan,nan,nan,nan,nan,nan,nan,nan,nan,nan,nan,nan,nan,nan,nan,nan,nan,nan,nan,nan,nan,nan,nan,nan,nan,nan,nan,nan,nan,nan,nan,nan,nan,nan,nan,nan,nan,nan,nan,nan,nan,nan,nan,nan,nan,nan,nan,1.391998291015625000e+01,6.023217201232910156e+01,nan,nan,nan,nan,nan,nan,nan,nan,nan,nan,nan,nan,nan,nan,nan,nan,nan,nan,nan,nan,nan,nan,nan,nan,nan,nan,nan,nan,nan,nan,nan,nan,nan,nan,nan,nan,nan,nan,nan,nan,nan,nan,nan,nan,nan,nan,nan,nan,nan,nan,nan,nan,nan,nan,nan,nan,nan,nan,nan,nan,nan,nan,nan,nan,nan,nan
nan,nan,nan,nan,nan,nan,nan,nan,nan,nan,nan,nan,nan,nan,nan,nan,nan,nan,nan,nan,nan,nan,nan,nan,nan,nan,nan,nan,nan,nan,nan,nan,nan,nan,nan,nan,nan,nan,nan,nan,nan,nan,nan,nan,nan,nan,nan,nan,3.279963588714599609e+01,nan,nan,nan,nan,nan,nan,nan,nan,nan,nan,nan,nan,nan,nan,nan,nan,nan,nan,nan,nan,nan,nan,nan,nan,nan,nan,nan,nan,nan,nan,nan,nan,nan,nan,nan,nan,nan,nan,nan,nan,nan,nan,nan,nan,nan,nan,nan,nan,nan,nan,nan,nan,nan,nan,nan,nan,nan,nan,nan,nan,nan,nan,nan,nan,nan,nan,nan,nan,nan,nan
nan,nan,nan,nan,nan,nan,nan,nan,nan,nan,nan,nan,nan,nan,nan,nan,nan,nan,nan,nan,nan,nan,nan,nan,nan,nan,nan,nan,nan,nan,nan,nan,nan,nan,nan,nan,nan,nan,nan,nan,nan,nan,nan,nan,nan,nan,nan,nan,nan,nan,nan,nan,nan,nan,nan,nan,nan,nan,nan,nan,nan,nan,nan,nan,nan,nan,nan,nan,nan,nan,nan,nan,nan,nan,nan,nan,nan,nan,nan,nan,nan,nan,nan,nan,nan,nan,nan,nan,nan,nan,nan,nan,nan,nan,nan,nan,nan,nan,nan,nan,nan,nan,nan,nan,nan,nan,nan,nan,nan,nan,nan,nan,nan,nan,nan,nan,nan,nan,nan
nan,nan,nan,nan,nan,nan,nan,nan,nan,nan,nan,nan,nan,nan,nan,nan,nan,nan,nan,nan,nan,nan,nan,nan,nan,nan,nan,nan,nan,nan,nan,nan,nan,nan,nan,nan,nan,nan,nan,nan,nan,nan,nan,nan,nan,nan,nan,nan,nan,nan,nan,nan,nan,nan,nan,nan,nan,nan,nan,nan,nan,nan,nan,nan,nan,nan,nan,nan,nan,nan,nan,nan,nan,nan,nan,nan,nan,nan,nan,nan,nan,nan,nan,nan,nan,nan,nan,nan,nan,nan,nan,nan,nan,nan,nan,nan,nan,nan,nan,nan,nan,nan,nan,nan,nan,nan,nan,nan,nan,nan,nan,nan,nan,nan,nan,nan,nan,nan,nan
nan,nan,nan,nan,nan,nan,nan,nan,nan,nan,nan,nan,nan,nan,nan,nan,nan,nan,nan,nan,nan,nan,nan,nan,nan,nan,nan,nan,nan,nan,nan,nan,nan,nan,nan,nan,nan,nan,nan,nan,nan,nan,nan,nan,nan,nan,nan,nan,nan,nan,nan,nan,nan,nan,nan,nan,nan,nan,nan,nan,nan,nan,nan,nan,nan,nan,nan,nan,nan,nan,nan,nan,nan,nan,nan,nan,nan,nan,nan,nan,nan,nan,nan,nan,nan,nan,nan,nan,nan,nan,nan,nan,nan,nan,nan,nan,nan,nan,nan,nan,nan,nan,nan,nan,nan,nan,nan,nan,nan,nan,nan,nan,nan,nan,nan,nan,nan,nan,nan
nan,nan,nan,nan,nan,nan,nan,nan,nan,nan,nan,nan,nan,nan,nan,nan,nan,nan,nan,nan,nan,nan,nan,nan,nan,nan,nan,nan,nan,nan,nan,nan,nan,nan,nan,nan,nan,nan,1.793340873718261719e+01,nan,2.664386749267578125e+01,nan,nan,nan,nan,nan,nan,nan,nan,nan,nan,nan,nan,nan,nan,nan,nan,nan,nan,nan,nan,nan,nan,nan,nan,nan,nan,nan,nan,nan,nan,nan,nan,nan,nan,nan,nan,nan,nan,nan,nan,nan,nan,nan,nan,nan,nan,nan,nan,nan,nan,nan,nan,nan,nan,nan,nan,nan,nan,nan,nan,nan,nan,nan,nan,nan,nan,nan,nan,nan,nan,nan,nan,nan,nan,nan,nan,nan,nan
nan,nan,nan,nan,nan,nan,nan,nan,nan,nan,nan,nan,nan,nan,nan,nan,nan,nan,nan,nan,nan,nan,nan,nan,nan,nan,nan,nan,nan,nan,nan,nan,nan,nan,nan,nan,nan,nan,4.438870429992675781e+01,3.303374004364013672e+01,5.047105407714843750e+01,4.665807437896728516e+01,nan,nan,nan,nan,nan,nan,nan,nan,nan,nan,nan,nan,nan,nan,nan,nan,nan,nan,nan,nan,nan,nan,nan,nan,nan,nan,nan,nan,nan,nan,nan,nan,nan,nan,nan,nan,nan,nan,nan,nan,nan,nan,nan,nan,nan,nan,nan,nan,nan,nan,nan,nan,nan,nan,nan,nan,nan,nan,nan,nan,nan,nan,nan,nan,nan,nan,nan,nan,nan,nan,nan,nan,nan,nan,nan,nan,nan
nan,nan,nan,nan,nan,nan,nan,nan,nan,nan,nan,nan,nan,nan,nan,nan,nan,nan,nan,nan,nan,nan,nan,nan,nan,nan,nan,nan,nan,nan,nan,nan,nan,nan,nan,nan,nan,nan,4.463127899169921875e+01,3.169702720642089844e+01,6.749421596527099609e+01,nan,nan,nan,nan,nan,nan,nan,nan,nan,nan,nan,nan,nan,nan,nan,nan,nan,nan,nan,nan,nan,nan,nan,nan,nan,nan,nan,nan,nan,nan,nan,nan,nan,nan,nan,nan,nan,nan,nan,nan,nan,nan,nan,nan,nan,nan,nan,nan,nan,nan,nan,nan,nan,nan,nan,nan,nan,nan,nan,nan,nan,nan,nan,nan,nan,nan,nan,nan,nan,nan,nan,nan,nan,nan,nan,nan,nan,nan
nan,nan,nan,nan,nan,nan,nan,nan,nan,nan,nan,nan,nan,nan,nan,nan,nan,nan,nan,nan,nan,nan,nan,nan,nan,nan,nan,nan,nan,nan,nan,nan,nan,nan,nan,nan,nan,nan,nan,nan,4.639837741851806641e+01,nan,nan,nan,nan,nan,nan,nan,nan,nan,nan,nan,nan,nan,nan,nan,nan,nan,nan,nan,nan,nan,nan,nan,nan,nan,nan,nan,nan,nan,nan,nan,nan,nan,nan,nan,nan,nan,nan,nan,nan,nan,nan,nan,nan,nan,nan,nan,nan,nan,nan,nan,nan,nan,nan,nan,nan,nan,nan,nan,nan,nan,nan,nan,nan,nan,nan,nan,nan,nan,nan,nan,nan,nan,nan,nan,nan,nan,nan
nan,nan,nan,nan,nan,nan,nan,nan,nan,nan,nan,nan,nan,nan,nan,nan,nan,nan,nan,nan,nan,nan,nan,nan,nan,nan,nan,nan,nan,nan,nan,nan,nan,nan,nan,nan,nan,nan,nan,nan,nan,nan,nan,nan,nan,nan,nan,nan,nan,nan,nan,nan,nan,nan,nan,nan,nan,nan,nan,nan,nan,nan,nan,nan,nan,nan,nan,nan,nan,nan,nan,nan,nan,nan,nan,nan,nan,nan,nan,nan,nan,nan,nan,nan,nan,nan,nan,nan,nan,nan,nan,nan,nan,nan,nan,nan,nan,nan,nan,nan,nan,nan,nan,nan,nan,nan,nan,nan,nan,nan,nan,nan,nan,nan,nan,nan,nan,nan,nan
nan,nan,nan,nan,nan,nan,nan,nan,nan,nan,nan,nan,nan,nan,nan,nan,nan,nan,nan,nan,nan,nan,nan,nan,nan,nan,nan,nan,nan,nan,nan,nan,nan,nan,nan,nan,nan,nan,nan,nan,nan,nan,nan,nan,nan,nan,nan,nan,nan,nan,nan,nan,nan,nan,nan,nan,nan,nan,nan,nan,nan,nan,nan,nan,nan,nan,nan,nan,nan,nan,nan,nan,nan,nan,nan,nan,nan,nan,nan,nan,nan,nan,nan,nan,nan,nan,nan,nan,nan,nan,nan,nan,nan,nan,nan,nan,nan,nan,nan,nan,nan,nan,nan,nan,nan,nan,nan,nan,nan,nan,nan,nan,nan,nan,nan,nan,nan,nan,nan
nan,nan,nan,nan,nan,nan,nan,nan,nan,nan,nan,nan,nan,nan,nan,nan,nan,nan,nan,nan,nan,nan,nan,nan,nan,nan,nan,nan,nan,nan,nan,nan,nan,nan,nan,nan,nan,nan,nan,nan,nan,nan,nan,nan,nan,nan,nan,nan,nan,nan,nan,nan,nan,nan,nan,nan,nan,nan,nan,nan,nan,nan,nan,nan,nan,nan,nan,nan,nan,nan,nan,nan,nan,nan,nan,nan,nan,nan,nan,nan,nan,nan,nan,nan,nan,nan,nan,nan,nan,nan,nan,nan,nan,nan,nan,nan,nan,nan,nan,nan,nan,nan,nan,nan,nan,nan,nan,nan,nan,nan,nan,nan,nan,nan,nan,nan,nan,nan,nan
nan,nan,nan,nan,nan,nan,nan,nan,nan,nan,nan,nan,nan,nan,nan,nan,nan,nan,nan,nan,nan,nan,nan,nan,nan,nan,nan,nan,nan,nan,nan,nan,nan,nan,nan,nan,nan,nan,nan,nan,nan,nan,nan,nan,nan,nan,nan,nan,nan,nan,nan,nan,nan,nan,nan,nan,nan,nan,nan,nan,nan,nan,nan,nan,nan,nan,nan,nan,nan,nan,nan,nan,nan,nan,nan,nan,nan,nan,nan,nan,nan,nan,nan,nan,nan,nan,nan,nan,nan,nan,nan,nan,nan,nan,nan,nan,nan,nan,nan,nan,nan,nan,nan,nan,nan,nan,nan,nan,nan,nan,nan,nan,nan,nan,nan,nan,nan,nan,nan
nan,nan,nan,nan,nan,nan,nan,nan,nan,nan,nan,nan,nan,nan,nan,nan,nan,nan,nan,nan,nan,nan,nan,nan,nan,nan,nan,nan,nan,nan,nan,nan,nan,nan,nan,nan,nan,nan,nan,nan,nan,nan,nan,nan,nan,nan,nan,nan,nan,nan,nan,nan,nan,nan,nan,nan,nan,nan,nan,nan,nan,nan,nan,nan,nan,nan,nan,nan,nan,nan,nan,nan,nan,nan,nan,nan,nan,nan,nan,nan,nan,nan,nan,nan,nan,nan,nan,nan,nan,nan,nan,nan,nan,nan,nan,nan,nan,nan,nan,nan,nan,nan,nan,nan,nan,nan,nan,nan,nan,nan,nan,nan,nan,nan,nan,nan,nan,nan,nan
nan,nan,nan,nan,nan,nan,nan,nan,nan,nan,nan,nan,nan,nan,nan,nan,nan,nan,nan,nan,nan,nan,nan,nan,nan,nan,nan,nan,nan,nan,nan,nan,nan,nan,nan,nan,nan,nan,nan,nan,nan,nan,nan,nan,nan,nan,nan,nan,nan,nan,nan,nan,nan,nan,nan,nan,nan,nan,nan,nan,nan,nan,nan,nan,nan,nan,nan,nan,nan,nan,nan,nan,nan,nan,nan,nan,nan,nan,nan,nan,nan,nan,nan,nan,nan,nan,nan,nan,nan,nan,nan,nan,nan,nan,nan,nan,nan,nan,nan,nan,nan,nan,nan,nan,nan,nan,nan,nan,nan,nan,nan,nan,nan,nan,nan,nan,nan,nan,nan
nan,nan,nan,nan,nan,nan,nan,nan,nan,nan,nan,nan,nan,nan,nan,nan,nan,nan,nan,nan,nan,nan,nan,nan,nan,nan,nan,nan,nan,nan,nan,nan,nan,nan,nan,nan,nan,nan,nan,nan,nan,nan,nan,nan,nan,nan,nan,nan,nan,nan,nan,nan,nan,nan,nan,nan,nan,nan,nan,nan,nan,nan,nan,nan,nan,nan,nan,nan,nan,nan,nan,nan,nan,nan,nan,nan,nan,nan,nan,nan,nan,nan,nan,nan,nan,nan,nan,nan,nan,nan,nan,nan,nan,nan,nan,nan,nan,nan,nan,nan,nan,nan,nan,nan,nan,nan,nan,nan,nan,nan,nan,nan,nan,nan,nan,nan,nan,nan,nan
nan,nan,nan,nan,nan,nan,nan,nan,nan,nan,nan,nan,nan,nan,nan,nan,nan,nan,nan,nan,nan,nan,nan,nan,nan,nan,nan,nan,nan,nan,nan,nan,nan,nan,nan,nan,nan,nan,nan,nan,nan,nan,nan,nan,nan,nan,nan,nan,nan,nan,nan,nan,nan,nan,nan,nan,nan,nan,nan,nan,nan,nan,nan,nan,nan,nan,nan,nan,nan,nan,nan,nan,nan,nan,nan,nan,nan,nan,nan,nan,nan,nan,nan,nan,nan,nan,nan,nan,nan,nan,nan,nan,nan,nan,nan,nan,nan,nan,nan,nan,nan,nan,nan,nan,nan,nan,nan,nan,nan,nan,nan,nan,nan,nan,nan,nan,nan,nan,nan
nan,nan,nan,nan,nan,nan,nan,nan,nan,nan,nan,nan,nan,nan,nan,nan,nan,nan,nan,nan,nan,nan,nan,nan,nan,nan,nan,nan,nan,nan,nan,nan,nan,nan,nan,nan,nan,nan,nan,nan,nan,nan,nan,nan,nan,nan,nan,nan,nan,nan,nan,nan,nan,nan,nan,nan,nan,nan,nan,nan,nan,nan,nan,nan,nan,nan,nan,nan,nan,nan,nan,nan,nan,nan,nan,nan,nan,nan,nan,nan,nan,nan,nan,nan,nan,nan,nan,nan,nan,nan,nan,nan,nan,nan,nan,nan,nan,nan,nan,nan,nan,nan,nan,nan,nan,nan,nan,nan,nan,nan,nan,nan,nan,nan,nan,nan,nan,nan,nan
nan,nan,nan,nan,nan,nan,nan,nan,nan,nan,nan,nan,nan,nan,nan,nan,nan,nan,nan,nan,nan,nan,nan,nan,nan,nan,nan,nan,nan,nan,nan,nan,nan,nan,nan,nan,nan,nan,nan,nan,nan,nan,nan,nan,nan,nan,nan,nan,nan,nan,nan,nan,nan,nan,nan,nan,nan,nan,nan,nan,nan,nan,nan,nan,nan,nan,nan,nan,nan,nan,nan,nan,nan,nan,nan,nan,nan,nan,nan,nan,nan,nan,nan,nan,nan,nan,nan,nan,nan,nan,nan,nan,nan,nan,nan,nan,nan,nan,nan,nan,nan,nan,nan,nan,nan,nan,nan,nan,nan,nan,nan,nan,nan,nan,nan,nan,nan,nan,nan
nan,nan,nan,nan,nan,nan,nan,nan,nan,nan,nan,nan,nan,nan,nan,nan,nan,nan,nan,nan,nan,nan,nan,nan,nan,nan,nan,nan,nan,nan,nan,nan,nan,nan,nan,nan,nan,nan,nan,nan,nan,nan,nan,nan,nan,nan,nan,nan,nan,nan,nan,nan,nan,nan,nan,nan,nan,nan,nan,nan,nan,nan,nan,nan,nan,nan,nan,nan,nan,nan,nan,nan,nan,nan,nan,nan,nan,nan,nan,nan,nan,nan,nan,nan,nan,nan,nan,nan,nan,nan,nan,nan,nan,nan,nan,nan,nan,nan,nan,nan,nan,nan,nan,nan,nan,nan,nan,nan,nan,nan,nan,nan,nan,nan,nan,nan,nan,nan,nan
nan,nan,nan,nan,nan,nan,nan,nan,nan,nan,nan,nan,nan,nan,nan,nan,nan,nan,nan,nan,nan,nan,nan,nan,nan,nan,nan,nan,nan,nan,nan,nan,nan,nan,nan,nan,nan,nan,nan,nan,nan,nan,nan,nan,nan,nan,nan,nan,nan,nan,nan,nan,nan,nan,nan,nan,nan,nan,nan,nan,nan,nan,nan,nan,nan,nan,nan,nan,nan,nan,nan,nan,nan,nan,nan,nan,nan,nan,nan,nan,nan,nan,nan,nan,nan,nan,nan,nan,nan,nan,nan,nan,nan,nan,nan,nan,nan,nan,nan,nan,nan,nan,nan,nan,nan,nan,nan,nan,nan,nan,nan,nan,nan,nan,nan,nan,nan,nan,nan
nan,nan,nan,nan,nan,nan,nan,nan,nan,nan,nan,nan,nan,nan,nan,nan,nan,nan,nan,nan,nan,nan,nan,nan,nan,-2.076473426818847656e+01,nan,nan,nan,nan,nan,nan,nan,nan,nan,nan,nan,nan,nan,nan,nan,nan,nan,nan,nan,nan,nan,nan,nan,nan,nan,nan,nan,nan,nan,nan,nan,nan,nan,nan,nan,nan,nan,nan,nan,nan,nan,nan,nan,nan,nan,nan,nan,nan,nan,nan,nan,nan,nan,nan,nan,nan,nan,nan,nan,nan,nan,nan,nan,nan,nan,nan,nan,nan,nan,nan,nan,nan,nan,nan,nan,nan,nan,nan,nan,nan,nan,nan,nan,nan,nan,nan,nan,nan,nan,nan,nan,nan,nan
nan,nan,nan,nan,nan,nan,nan,nan,nan,nan,nan,nan,nan,nan,nan,nan,nan,nan,nan,nan,nan,nan,nan,nan,nan,nan,1.833838939666748047e+00,nan,nan,nan,nan,nan,nan,nan,nan,nan,nan,nan,nan,nan,nan,nan,nan,nan,nan,nan,nan,nan,nan,nan,nan,nan,nan,nan,nan,nan,nan,nan,nan,nan,nan,nan,nan,nan,nan,nan,nan,nan,nan,nan,nan,nan,nan,nan,nan,nan,nan,nan,nan,nan,nan,nan,nan,nan,nan,nan,nan,nan,nan,nan,nan,nan,nan,nan,nan,nan,nan,nan,nan,nan,nan,nan,nan,nan,nan,nan,nan,nan,nan,nan,nan,nan,nan,nan,nan,nan,nan,nan,nan
nan,nan,nan,nan,nan,nan,nan,nan,nan,nan,nan,nan,nan,nan,nan,nan,nan,nan,nan,nan,nan,nan,nan,nan,3.905194759368896484e+00,-2.402465152740478516e+01,-1.582456493377685547e+01,4.740283489227294922e-01,2.371104001998901367e+00,nan,nan,nan,nan,nan,nan,nan,nan,nan,nan,nan,nan,nan,nan,nan,nan,nan,nan,nan,nan,nan,nan,nan,nan,nan,nan,nan,nan,nan,nan,nan,nan,nan,nan,nan,nan,nan,nan,nan,nan,nan,nan,nan,nan,nan,nan,nan,nan,nan,nan,nan,nan,nan,nan,nan,nan,nan,nan,nan,nan,nan,nan,nan,nan,nan,nan,nan,nan,nan,nan,nan,nan,nan,nan,nan,nan,nan,nan,nan,nan,nan,nan,nan,nan,nan,nan,nan,nan,nan,nan
nan,nan,nan,nan,nan,nan,nan,nan,nan,nan,nan,nan,nan,nan,nan,nan,nan,nan,nan,nan,nan,nan,nan,-6.280608892440795898e+00,-3.365921020507812500e+00,2.341352772712707520e+01,8.455882072448730469e-01,1.143689155578613281e-01,1.364561843872070312e+01,nan,nan,nan,nan,nan,nan,nan,nan,nan,nan,nan,nan,nan,nan,nan,nan,nan,nan,nan,nan,nan,nan,nan,nan,nan,nan,nan,nan,nan,nan,-3.017860651016235352e-01,-1.234013721346855164e+00,nan,nan,nan,nan,nan,nan,nan,nan,nan,nan,nan,nan,nan,nan,nan,nan,nan,nan,nan,nan,nan,nan,nan,nan,nan,nan,nan,nan,nan,nan,nan,nan,nan,nan,nan,nan,nan,nan,nan,nan,nan,nan,nan,nan,nan,nan,nan,nan,nan,nan,nan,nan,nan,nan,nan,nan,nan,nan
nan,nan,nan,nan,nan,nan,nan,nan,nan,nan,nan,nan,nan,nan,nan,nan,nan,nan,nan,nan,nan,nan,1.157025504112243652e+01,4.402850866317749023e+00,1.110869741439819336e+01,-3.193092346191406250e-02,-3.194452285766601562e+00,4.675584197044372559e+00,2.825562477111816406e+00,nan,nan,nan,nan,nan,nan,nan,nan,nan,nan,nan,nan,nan,nan,2.456483900547027588e+00,3.696367114782333374e+00,nan,nan,nan,nan,nan,-7.689771801233291626e-01,-1.739964157342910767e+00,nan,nan,nan,nan,nan,nan,nan,6.074630230665206909e+00,-2.225655913352966309e-01,-4.035704612731933594e+00,-4.161130368709564209e+00,nan,nan,nan,nan,nan,nan,nan,nan,nan,nan,nan,nan,nan,nan,nan,nan,nan,nan,nan,nan,nan,nan,nan,nan,nan,nan,nan,nan,nan,nan,nan,nan,nan,nan,nan,nan,nan,nan,nan,nan,nan,nan,nan,nan,nan,nan,nan,nan,nan,nan,nan,nan,nan,nan,nan,nan
nan,nan,nan,nan,nan,nan,nan,nan,nan,nan,nan,nan,nan,nan,nan,nan,nan,nan,nan,4.624097347259521484e+00,3.125446319580078125e+00,1.092672348022460938e+01,1.345262861251831055e+01,-1.048830986022949219e+00,3.185737609863281250e+00,1.499512195587158203e-01,nan,nan,nan,nan,nan,nan,nan,nan,nan,nan,nan,nan,nan,nan,nan,nan,-7.964200526475906372e+00,5.781820416450500488e+00,1.646952581405639648e+01,nan,5.906684637069702148e+00,1.916894197463989258e+00,-2.688240766525268555e+00,-1.171195447444915771e+00,-4.194544315338134766e+00,-5.756661266088485718e+00,-1.368087291717529297e+00,6.376613080501556396e-01,-3.576748907566070557e+00,nan,nan,nan,nan,-2.417533934116363525e+00,-3.935739994049072266e-01,2.295404493808746338e+00,6.329359635710716248e-01,nan,nan,nan,nan,nan,nan,nan,nan,nan,nan,nan,nan,nan,nan,nan,nan,nan,nan,nan,nan,nan,nan,nan,nan,nan,nan,nan,nan,nan,nan,nan,nan,nan,nan,nan,nan,nan,nan,nan,nan,nan,nan,nan,nan,nan,nan,nan,nan,nan,nan,nan,nan,nan,nan,nan,nan
nan,nan,nan,nan,nan,nan,nan,nan,nan,nan,nan,nan,nan,nan,nan,nan,nan,1.269779443740844727e+01,1.902566432952880859e+00,1.467794778943061829e+01,3.626807069778442383e+01,1.853718852996826172e+01,nan,nan,nan,nan,nan,nan,nan,nan,nan,nan,nan,nan,nan,nan,nan,nan,nan,nan,nan,-1.223711371421813965e+01,-2.775022149085998535e+00,-3.855456262826919556e+00,1.161134243011474609e+01,1.103877437114715576e+01,6.402867197990417480e+00,-1.603722155094146729e+00,-1.474378824234008789e+00,-9.300816059112548828e-02,-3.340523570775985718e+00,-1.630959630012512207e+00,-1.466372609138488770e+00,-2.545419842004776001e+00,-3.064212113618850708e+00,-1.765211187303066254e-01,nan,nan,nan,nan,nan,-2.828739076852798462e+00,1.825606822967529297e-02,nan,nan,nan,nan,nan,nan,nan,nan,nan,nan,nan,nan,nan,nan,nan,nan,nan,nan,nan,nan,nan,nan,nan,nan,nan,nan,nan,nan,nan,nan,nan,nan,nan,nan,nan,nan,nan,nan,nan,nan,nan,nan,nan,nan,nan,nan,nan,nan,nan,nan,nan,nan,nan,nan,nan,nan
nan,nan,nan,nan,nan,nan,nan,nan,nan,nan,nan,nan,nan,nan,nan,nan,nan,1.229830193519592285e+01,2.004075542092323303e+00,-9.780133962631225586e-01,1.422613513469696045e+01,nan,nan,nan,nan,nan,nan,nan,nan,nan,nan,nan,nan,nan,nan,nan,nan,nan,nan,nan,-1.466790378093719482e+01,-1.059776146709918976e+01,-3.954305708408355713e+00,-4.732128083705902100e-01,1.159723129868507385e+01,7.902598336338996887e+00,1.239025384187698364e+01,8.467387497425079346e+00,5.092279911041259766e-01,2.158855795860290527e+00,5.005008187144994736e-01,-7.978578627109527588e+00,-4.864839732646942139e+00,-6.495023608207702637e+00,-7.701933622360229492e+00,-4.639545679092407227e+00,-4.593186497688293457e+00,nan,nan,nan,nan,-4.718121401965618134e+00,-4.121957898139953613e+00,-7.462127447128295898e+00,-2.573090791702270508e+01,-1.134004282951354980e+01,nan,-1.233958458900451660e+01,nan,nan,nan,nan,nan,nan,nan,nan,nan,nan,nan,nan,nan,nan,nan,nan,nan,nan,nan,nan,nan,nan,nan,nan,nan,nan,nan,nan,nan,nan,nan,nan,nan,nan,nan,nan,nan,nan,nan,nan,nan,nan,nan,nan,nan,nan,nan,nan,nan,nan,nan
nan,nan,nan,nan,nan,nan,nan,nan,nan,nan,nan,nan,nan,nan,nan,nan,nan,nan,nan,2.720631003379821777e+00,9.725446701049804688e-01,nan,nan,nan,-1.412819795683026314e+01,nan,nan,nan,nan,nan,nan,nan,nan,nan,nan,nan,nan,nan,nan,-2.225512051582336426e+01,-2.000429028272628784e+01,-6.339877814054489136e+00,1.513961970806121826e+00,6.451045393943786621e+00,1.916558861732482910e+01,1.504550838470458984e+01,1.591565573215484619e+01,1.612431120872497559e+01,5.773056805133819580e+00,2.640126526355743408e+00,5.619941473007202148e+00,-7.339366674423217773e+00,-6.235791087150573730e+00,nan,nan,nan,nan,nan,nan,nan,-1.055041503906250000e+01,-2.492590904235839844e+00,-6.899430532474070787e+00,-6.166586160659790039e+00,-1.903283868730068207e+01,-2.231731752445921302e+01,-1.342203414440155029e+01,-1.325753217935562134e+01,-7.362224072217941284e+00,nan,nan,nan,nan,nan,nan,nan,nan,nan,nan,nan,nan,nan,nan,nan,nan,nan,nan,nan,nan,nan,nan,nan,nan,nan,nan,nan,nan,nan,nan,nan,nan,nan,nan,nan,nan,nan,nan,nan,nan,nan,nan,nan,nan,nan,nan,nan,nan,nan,nan
nan,nan,nan,nan,nan,nan,nan,nan,nan,nan,nan,nan,nan,nan,nan,nan,nan,nan,nan,nan,-9.703190326690673828e-01,7.220048904418945312e-01,-1.776633784174919128e+01,-5.326482009887695312e+01,-2.693082341551780701e+01,nan,nan,nan,nan,nan,nan,nan,nan,nan,nan,-1.411573410034179688e+01,-1.585664725303649902e+01,-1.474012248963117599e+01,-1.171014469861984253e+01,-2.449729490280151367e+01,-2.075678706914186478e+01,-2.425891518592834473e+00,5.136162787675857544e+00,1.314551311731338501e+01,1.675716883112909272e+01,1.671267962455749512e+01,1.520098185539245605e+01,1.145264515280723572e+01,7.177010774612426758e+00,5.830379724502563477e+00,4.511659622192382812e+00,-4.578969240188598633e+00,-1.800854334235191345e+01,nan,nan,nan,nan,nan,nan,nan,nan,-1.830916416645050049e+01,-9.499000430107116699e+00,-1.944067144393920898e+01,-8.507205724716186523e+00,-1.082509160041809082e+01,-1.381525778770446777e+01,-1.547999250888824463e+01,-4.008697569370269775e+00,-9.255207777023315430e+00,nan,nan,nan,nan,nan,nan,nan,nan,nan,nan,nan,nan,nan,nan,nan,nan,nan,nan,nan,nan,nan,nan,nan,nan,nan,nan,nan,nan,nan,nan,nan,nan,nan,nan,nan,nan,nan,nan,nan,nan,nan,nan,nan,nan,nan,nan,nan,nan,nan
nan,nan,nan,nan,nan,nan,nan,nan,nan,nan,nan,nan,nan,nan,nan,nan,nan,nan,nan,nan,-1.325769782066345215e+00,-2.080139636993408203e+01,-2.096001362800598145e+01,-4.439599752426147461e+01,-3.502385616302490234e+01,nan,nan,nan,nan,nan,-1.981995788961648941e+01,-8.665599584579467773e+00,-9.935268759727478027e-01,1.738110184669494629e+00,-6.909685492515563965e+00,-1.570333993434906006e+01,nan,nan,nan,-2.015605734847486019e+01,-1.887570963799953461e+01,8.417699694633483887e+00,2.031736528873443604e+01,1.317366945743560791e+01,1.303004240989685059e+01,1.548917758464813232e+01,1.504333543777465820e+01,1.116024473309516907e+01,1.336530113220214844e+01,1.149806380271911621e+01,1.735024213790893555e+00,4.806903600692749023e-01,-7.139804504811763763e+00,-2.948217928409576416e+00,-6.591968417167663574e+00,nan,nan,nan,nan,nan,-9.324565380811691284e+00,-1.773223042488098145e+01,-1.820045495033264160e+01,-1.314926314353942871e+01,-1.168761825561523438e+01,-1.134252691268920898e+01,-1.358734202384948730e+01,-9.600675344467163086e+00,-4.241872414946556091e+00,nan,nan,nan,nan,nan,nan,nan,nan,nan,nan,nan,nan,nan,nan,nan,nan,nan,nan,nan,nan,nan,nan,nan,nan,nan,nan,nan,nan,nan,nan,nan,nan,nan,nan,nan,nan,nan,nan,nan,nan,nan,nan,nan,nan,nan,nan,nan,nan,nan,nan
nan,nan,nan,nan,nan,nan,nan,nan,nan,nan,nan,nan,nan,nan,nan,nan,nan,nan,nan,nan,nan,nan,nan,nan,nan,nan,nan,-3.112188410758972168e+01,-2.635486087405661237e+01,-2.460905814170837402e+01,-7.087273836135864258e+00,5.719790458679199219e-01,5.267067432403564453e+00,2.368366293609142303e+00,-1.706007665395736694e+01,-2.543794775009155273e+01,nan,nan,nan,-2.400915312767028809e+01,-1.239109349250793457e+01,2.052694320678710938e+00,9.837366938591003418e+00,1.691949522495269775e+01,2.938417556695640087e+01,2.448178058862686157e+01,2.802494692802429199e+01,2.631172365695238113e+01,2.329958367347717285e+01,1.504007649421691895e+01,7.168732166290283203e+00,4.568983376026153564e+00,nan,nan,nan,nan,-1.539819669723510742e+01,-1.267922496795654297e+01,-1.124416255950927734e+01,-8.420281052589416504e+00,-5.967701673507690430e+00,-2.098976740241050720e+01,-1.670736706256866455e+01,-1.944426012039184570e+01,-1.703383255004882812e+01,-8.722512245178222656e+00,-8.584453225135803223e+00,-5.957281589508056641e+00,-1.177524882555007935e+01,nan,nan,nan,nan,nan,nan,nan,nan,nan,nan,nan,nan,nan,nan,nan,nan,nan,nan,nan,nan,nan,nan,nan,nan,nan,nan,nan,nan,nan,nan,nan,nan,nan,nan,nan,nan,nan,nan,nan,nan,nan,nan,nan,nan,nan,nan,nan,nan,nan,nan
nan,nan,nan,nan,nan,nan,nan,nan,nan,nan,nan,nan,nan,nan,nan,nan,nan,nan,nan,nan,-4.541165733337402344e+01,nan,nan,nan,nan,nan,-3.631297016143798828e+01,-3.753959679603576660e+01,-3.261524909734725952e+01,-4.283799672126770020e+01,-2.629221606254577637e+01,-1.021225285530090332e+01,-7.572360008955001831e+00,-6.412768512964248657e+00,-1.724883794784545898e+01,-1.976483695209026337e+01,nan,nan,nan,-1.868339204788208008e+01,-1.844955611228942871e+01,8.718447446823120117e+00,1.126275753974914551e+01,1.623094077408313751e+01,2.068999993801116943e+01,2.570255351066589355e+01,2.840650290250778198e+01,3.221499943733215332e+01,2.478709352016448975e+01,1.737581479549407959e+01,7.512689113616943359e+00,7.550808548927307129e+00,-6.079953432083129883e+00,nan,nan,nan,-2.070154476165771484e+01,-1.897806549072265625e+01,-1.566937589645385742e+01,-2.163452458381652832e+01,-2.535990309715270996e+01,-2.428270399570465088e+01,-1.782729220390319824e+01,-1.687508344650268555e+01,-1.493165040016174316e+01,-7.570222139358520508e+00,-7.607838749885559082e+00,-4.421780094504356384e+00,-6.860047340393066406e+00,nan,nan,nan,nan,nan,nan,nan,nan,nan,nan,nan,nan,nan,nan,nan,nan,nan,nan,nan,nan,nan,nan,nan,nan,nan,nan,nan,nan,nan,nan,nan,nan,nan,nan,nan,nan,nan,nan,nan,nan,nan,nan,nan,nan,nan,nan,nan,nan,nan,nan
nan,nan,nan,nan,nan,nan,nan,nan,nan,nan,nan,nan,nan,nan,nan,nan,nan,nan,nan,nan,nan,nan,nan,nan,nan,nan,-3.666270279884338379e+01,-2.380618000030517578e+01,-2.148047916591167450e+01,-4.151509451866149902e+01,-3.563947000354528427e+01,-3.248575025796890259e+01,-3.276732134819030762e+01,-2.569358849525451660e+01,-3.454779720306396484e+01,-1.800079464912414551e+01,-1.800725376605987549e+01,-1.736516046524047852e+01,-1.891107964515686035e+01,-1.854062747955322266e+01,-1.892989397048950195e+00,9.290343582630157471e+00,1.353090846538543701e+01,1.333830478787422180e+01,1.926963520050048828e+01,1.513035321235656738e+01,3.572063350677490234e+01,3.011881664395332336e+01,1.778239202499389648e+01,1.452954936027526855e+01,1.290699529647827148e+01,7.130456924438476562e+00,-9.303548932075500488e+00,-1.192497897148132324e+01,-9.246433019638061523e+00,-1.052936792373657227e+01,-1.612796807289123535e+01,-2.294131851196289062e+01,-2.393585562705993652e+01,-3.179152774810791016e+01,-3.010355556011199951e+01,-2.722874611616134644e+01,-2.609488725662231445e+01,-1.729059171676635742e+01,-1.701305198669433594e+01,-1.059588122367858887e+01,-8.294452667236328125e+00,-3.708521366119384766e+00,1.437620311975479126e+00,nan,nan,nan,nan,nan,nan,nan,nan,nan,nan,nan,nan,nan,nan,nan,nan,nan,nan,nan,nan,nan,nan,nan,nan,nan,nan,nan,nan,nan,nan,nan,nan,nan,nan,nan,nan,nan,nan,nan,nan,nan,nan,nan,nan,nan,nan,nan,nan,nan,nan
nan,nan,nan,nan,nan,nan,nan,nan,nan,nan,nan,nan,nan,nan,nan,nan,nan,nan,nan,nan,nan,nan,nan,nan,nan,nan,-3.654095983505249023e+01,nan,nan,-6.239464306831359863e+01,-2.532568144798278809e+01,-3.126640176773071289e+01,-3.888468408584594727e+01,-3.452322959899902344e+01,-2.157432031631469727e+01,-1.097270953655242920e+01,-1.694566023349761963e+01,-6.768387973308563232e+00,3.049698352813720703e+00,-4.236924648284912109e+00,-1.071709156036376953e+00,2.674043941497802734e+01,2.198011177778244019e+01,1.460076773166656494e+01,2.260290241241455078e+01,1.863508558273315430e+01,2.237586426734924316e+01,2.527487063407897949e+01,1.656310081481933594e+01,1.580100417137145996e+01,1.405170011520385742e+01,8.107506036758422852e+00,-4.041006803512573242e+00,-9.355919957160949707e+00,-1.186391043663024902e+01,-1.246808576583862305e+01,-1.835326576232910156e+01,-1.993055343627929688e+01,-2.045338916778564453e+01,-2.286731576919555664e+01,-2.359090447425842285e+01,-2.575404810905456543e+01,-2.131678128242492676e+01,-2.262817811965942383e+01,-1.946596097946166992e+01,-1.302910828590393066e+01,-3.803534865379333496e+00,-5.320103168487548828e+00,-5.176385909318923950e+00,-5.313179194927215576e+00,nan,nan,nan,nan,nan,nan,nan,nan,nan,nan,nan,nan,nan,nan,nan,nan,nan,nan,nan,nan,nan,nan,nan,nan,nan,nan,nan,nan,nan,nan,nan,nan,nan,nan,nan,nan,nan,nan,nan,nan,nan,nan,nan,nan,nan,nan,nan,nan,nan
nan,nan,nan,nan,nan,nan,nan,nan,nan,nan,nan,nan,nan,nan,nan,nan,nan,nan,nan,nan,nan,nan,nan,nan,nan,nan,nan,nan,nan,nan,-4.799318027496337891e+01,-8.829698467254638672e+01,-6.861565065383911133e+01,-2.920338642597198486e+01,-8.767104744911193848e+00,-7.122567534446716309e+00,1.384602999687194824e+01,1.860998439788818359e+01,-6.582094430923461914e+00,-8.357141256332397461e+00,2.855651497840881348e+00,1.384026098251342773e+01,1.715362632274627686e+01,1.961852723360061646e+01,2.142376971244812012e+01,2.583978223800659180e+01,1.749038100242614746e+01,1.536347877979278564e+01,1.903243017196655273e+01,2.177775692939758301e+01,1.805941343307495117e+01,9.586338400840759277e+00,5.100846290588378906e-01,-6.464726328849792480e+00,-1.435900527238845825e+01,-1.626963400840759277e+01,-1.343437528610229492e+01,-2.236801815032958984e+01,-2.078954219818115234e+01,-1.963098573684692383e+01,-1.787084293365478516e+01,-2.131367874145507812e+01,-1.842271852493286133e+01,-1.546057510375976562e+01,-1.493290042877197266e+01,-8.568530678749084473e+00,-2.505485296249389648e+00,-4.376907631754875183e+00,-1.147130191326141357e+00,nan,nan,nan,nan,nan,nan,nan,nan,nan,nan,nan,nan,nan,nan,nan,nan,nan,nan,nan,nan,nan,nan,nan,nan,nan,nan,nan,nan,nan,nan,nan,nan,nan,nan,nan,nan,nan,nan,nan,nan,nan,nan,nan,nan,nan,nan,nan,nan,nan,nan
nan,nan,nan,nan,nan,nan,nan,nan,nan,nan,nan,nan,nan,nan,nan,nan,nan,nan,nan,nan,nan,nan,nan,nan,nan,nan,nan,nan,nan,-5.636193752288818359e+00,-8.422263240814208984e+01,-7.642272806167602539e+01,-7.893090152740478516e+01,-2.507482412829995155e+01,-1.672647863626480103e+01,-8.328003883361816406e-01,1.107957732677459717e+01,1.156940364837646484e+01,5.703789472579956055e+00,-7.607905834913253784e+00,1.422696024179458618e+00,1.609764434397220612e+01,1.932404050230979919e+01,2.220943275094032288e+01,2.500905473902821541e+01,1.745782673358917236e+01,1.458923715353012085e+01,1.389495408535003662e+01,1.628760361671447754e+01,1.952778100967407227e+01,1.697660231590270996e+01,1.233705806732177734e+01,1.468293190002441406e+00,-6.863649427890777588e+00,-1.266884732246398926e+01,-1.445185697078704834e+01,-1.705813336372375488e+01,-2.457005500793457031e+01,-2.867499303817749023e+01,-2.066624736785888672e+01,-2.128972482681274414e+01,-1.573652634024620056e+01,-1.844170665740966797e+01,-1.603741550445556641e+01,-1.631286072731018066e+01,-1.326027965545654297e+01,-9.808779478073120117e+00,-5.227113127708435059e+00,1.602815091609954834e+00,nan,nan,nan,nan,nan,nan,nan,nan,nan,nan,nan,nan,nan,nan,nan,nan,nan,nan,nan,nan,nan,nan,nan,nan,nan,nan,nan,nan,nan,nan,nan,nan,nan,nan,nan,nan,nan,nan,nan,nan,nan,nan,nan,nan,nan,nan,nan,nan,nan,nan
nan,nan,nan,nan,nan,nan,nan,nan,nan,nan,nan,nan,nan,nan,nan,nan,nan,nan,nan,nan,nan,nan,nan,nan,nan,nan,nan,nan,nan,nan,-6.035633087158203125e+01,-6.770022106170654297e+01,-7.795525264739990234e+01,-7.166909217834472656e+01,-1.821120381355285645e+01,-8.283009052276611328e+00,1.047236651182174683e+01,1.111650037765502930e+01,8.342401027679443359e+00,3.234235286712646484e+00,3.876184761524200439e+00,1.598070295155048370e+01,1.644452273845672607e+01,1.897943389415740967e+01,1.973984694480895996e+01,1.536229968070983887e+01,1.585346639156341553e+01,1.517296355962753296e+01,1.709459233283996582e+01,1.937894177436828613e+01,1.342511689662933350e+01,7.147150158882141113e+00,2.800193667411804199e+00,-5.291219592094421387e+00,-1.002205115556716919e+01,-1.166748744249343872e+01,-1.128254723548889160e+01,-2.424593353271484375e+01,-2.348899602890014648e+01,-1.760856294631958008e+01,-2.094172716140747070e+01,-1.851078796386718750e+01,-1.620894575119018555e+01,-3.019746737182140350e+01,-2.108307345956563950e+01,-1.728500699996948242e+01,-4.475009918212890625e+00,3.261922121047973633e+00,1.546160891652107239e+00,-7.574801087379455566e+00,nan,nan,nan,-1.032495081424713135e+01,nan,nan,-1.000621467828750610e+01,-1.009972977638244629e+01,nan,nan,nan,nan,nan,nan,nan,nan,nan,nan,nan,nan,nan,nan,nan,nan,nan,nan,nan,nan,nan,nan,nan,nan,nan,nan,nan,nan,nan,nan,nan,nan,nan,nan,nan,nan,nan,nan,nan,nan,nan
nan,nan,nan,nan,nan,nan,nan,nan,nan,nan,nan,nan,nan,nan,nan,nan,nan,nan,nan,nan,nan,nan,nan,nan,nan,nan,nan,nan,nan,nan,nan,-7.008309268951416016e+01,-9.361577892303466797e+01,-6.410562133789062500e+01,-3.042053741216659546e+01,-2.091085243225097656e+01,1.358144414424896240e+01,2.538584947586059570e+01,8.497292280197143555e+00,2.358035922050476074e+00,8.736491143703460693e+00,1.195626018382608891e+01,1.618614089488983154e+01,1.815880584716796875e+01,1.478579497337341309e+01,1.315191817283630371e+01,1.541480773687362671e+01,1.561892664432525635e+01,1.705372130870819092e+01,1.875492882728576660e+01,1.474737334251403809e+01,1.133650577068328857e+01,4.175255358219146729e+00,-3.935616016387939453e-01,-1.225992602109909058e+01,-1.214935365319252014e+01,-1.327136385440826416e+01,-1.898936009407043457e+01,-1.817093515396118164e+01,-1.486341691017150879e+01,-2.192382955551147461e+01,-2.226252102851867676e+01,-2.064170193672180176e+01,-2.238212299346923828e+01,-1.809868669509887695e+01,-1.616348576545715332e+01,-4.061732172966003418e+00,-1.030227839946746826e+00,-1.336588263511657715e+00,-3.201842069625854492e+00,nan,nan,nan,-1.237392520904541016e+01,-3.260596171021461487e+00,-1.252515709400177002e+01,nan,-5.195804953575134277e+00,-1.436426326632499695e+01,-1.365530395507812500e+01,nan,nan,-1.855152392387390137e+01,nan,nan,nan,nan,nan,nan,nan,nan,nan,nan,nan,nan,nan,nan,nan,nan,nan,nan,nan,nan,nan,nan,nan,nan,nan,nan,nan,nan,nan,nan,nan,nan,nan,nan,nan,nan
nan,nan,nan,nan,nan,nan,nan,nan,nan,nan,nan,nan,nan,nan,nan,nan,nan,nan,nan,nan,nan,nan,nan,nan,nan,nan,nan,nan,nan,nan,nan,-9.582368898391723633e+01,-7.526197579503059387e+01,-5.238036179542541504e+01,-3.164838838577270508e+01,-1.053408461809158325e+01,4.815654873847961426e+00,1.673139429092407227e+01,2.144014167785644531e+01,1.220105123519897461e+01,4.523034572601318359e+00,3.523209571838378906e+00,1.143056005239486694e+01,1.139111936092376709e+01,1.454333555698394775e+01,1.161618322134017944e+01,1.241179537773132324e+01,1.247508722543716431e+01,1.309798395633697510e+01,1.268003234267234802e+01,1.253868347406387329e+01,5.942472934722900391e+00,8.402471542358398438e-01,-3.147630214691162109e+00,-2.238520669937133789e+01,-1.753193646669387817e+01,-1.219325596094131470e+01,-1.069371294975280762e+01,-1.972349750995635986e+01,-2.451577210426330566e+01,-2.473540449142456055e+01,-1.873918032646179199e+01,-2.086437368392944336e+01,-2.647965812683105469e+01,-2.304782915115356445e+01,-1.883943581581115723e+01,-1.215280270576477051e+01,-1.067483162879943848e+01,-1.243036270141601562e+01,-8.387884080410003662e+00,nan,nan,nan,-1.439339941740036011e+01,-9.208442807197570801e+00,-1.151358842849731445e+01,nan,-9.156116276979446411e+00,-1.055072815716266632e+01,nan,nan,nan,nan,-2.041800677776336670e+01,nan,nan,nan,nan,nan,nan,nan,nan,nan,nan,nan,nan,nan,nan,nan,nan,nan,nan,nan,nan,nan,nan,nan,nan,nan,nan,nan,nan,nan,nan,nan,nan,nan,nan,nan
nan,nan,nan,nan,nan,nan,nan,nan,nan,nan,nan,nan,nan,nan,nan,nan,nan,nan,nan,nan,nan,nan,nan,nan,nan,nan,nan,nan,nan,nan,nan,-9.175949478149414062e+01,-7.976474744081497192e+01,-4.431767940521240234e+01,-2.055221319198608398e+01,-2.897117352485656738e+01,-1.900656700134277344e+01,-2.809401035308837891e+00,-1.246994662284851074e+01,1.041047763824462891e+01,5.711970329284667969e+00,-8.038538783788681030e+00,3.039289474487304688e+00,1.191458225250244141e+00,5.491098374128341675e+00,9.217089606449007988e+00,1.028696763515472412e+01,6.360152125358581543e+00,6.875355482101440430e+00,3.207676172256469727e+00,-9.507055282592773438e-01,-8.015372753143310547e-01,9.482004642486572266e-01,1.750988125801086426e+00,-1.636882305145263672e+00,-1.001259875297546387e+01,-9.714305043220520020e+00,-5.531551539897918701e+00,-3.791381359100341797e+00,-1.593972892686724663e+01,-2.172102642059326172e+01,-2.104874515533447266e+01,-2.474324548244476318e+01,-2.640586805343627930e+01,-2.388676166534423828e+01,-2.615110492706298828e+01,-1.961013507843017578e+01,-1.636279439926147461e+01,-1.745558404922485352e+01,-1.508122324943542480e+01,nan,nan,nan,nan,-1.323616397380828857e+01,-1.513681983947753906e+01,-1.560647594928741455e+01,-4.113662183284759521e+00,-1.458330690860748291e+00,-8.748652815818786621e+00,-2.126676678657531738e+00,-1.794316148757934570e+01,-2.083030462265014648e+01,-2.962034058570861816e+01,-2.642120653390884399e+01,nan,nan,nan,nan,nan,nan,nan,nan,nan,nan,nan,nan,nan,nan,nan,nan,nan,nan,nan,nan,nan,nan,nan,nan,nan,nan,nan,nan,nan,nan,nan,nan,nan,nan
nan,nan,nan,nan,nan,nan,nan,nan,nan,nan,nan,nan,nan,nan,nan,nan,nan,nan,nan,nan,nan,nan,nan,nan,nan,nan,nan,nan,nan,nan,nan,-7.290592908859252930e+01,-3.337262988090515137e+01,-1.774674177169799805e+00,-1.797724866867065430e+01,-2.124809694290161133e+01,-1.714643359184265137e+01,-2.541042989492416382e+01,-2.515489196777343750e+01,-5.548077821731567383e+00,1.055467987060546875e+01,4.333441913127899170e+00,-2.807996153831481934e+00,-5.939920306205749512e+00,-1.219410061836242676e+00,3.996298745274543762e+00,7.812193557620048523e+00,6.069845318794250488e+00,2.026747226715087891e+00,2.373736143112182617e+00,-1.830859184265136719e-01,-8.465361595153808594e-02,4.042367219924926758e+00,1.548921108245849609e+00,-1.613302707672119141e+00,-2.763648033142089844e-01,-1.456791138648986816e+01,-6.997509241104125977e+00,-3.719182014465332031e-01,-9.119224548339843750e+00,-2.037121534347534180e+01,-2.304655170440673828e+01,-2.424457192420959473e+01,-2.450649166107177734e+01,-2.558876699209213257e+01,-2.573797607421875000e+01,-2.430921840667724609e+01,-2.326935911178588867e+01,-1.664273929595947266e+01,nan,nan,nan,nan,-1.830660384893417358e+01,-1.755265027284622192e+01,-1.825808754563331604e+01,-2.142018878459930420e+01,-5.610815387219190598e+00,-1.585062384605407715e+00,-1.374357980489730835e+01,-1.409844093024730682e+01,-1.821410441398620605e+01,-2.427923130989074707e+01,-3.115186427533626556e+01,-2.908384941518306732e+01,-2.380483090877532959e+01,nan,nan,nan,nan,nan,nan,nan,nan,nan,nan,nan,nan,nan,nan,nan,nan,nan,nan,nan,nan,nan,nan,nan,nan,nan,nan,nan,nan,nan,nan,nan,nan,nan
nan,nan,nan,nan,nan,nan,nan,nan,nan,nan,nan,nan,nan,nan,nan,nan,nan,nan,nan,nan,nan,nan,nan,nan,nan,nan,nan,nan,nan,nan,nan,-6.206967592239379883e+00,-2.337954592704772949e+01,6.289537906646728516e+00,-1.348032712936401367e+00,-8.827358007431030273e+00,-1.482846295833587646e+01,-1.609962868690490723e+01,-2.616787385940551758e+01,-1.829539699852466583e+01,-7.691103667020797729e+00,-4.068489551544189453e+00,-5.813313305377960205e+00,-9.145892202854156494e+00,-4.452862262725830078e+00,1.263027787208557129e+00,5.450821161270141602e+00,3.440791845321655273e+00,1.444304823875427246e+00,1.785564422607421875e+00,9.482691884040832520e-01,1.443482086062431335e+00,-2.478836536407470703e+00,-2.169408321380615234e+00,-2.084336280822753906e+00,1.984205245971679688e-01,-7.855178833007812500e+00,2.533271789550781250e+00,-8.317284584045410156e-01,-1.709301817417144775e+01,-2.102304840087890625e+01,-2.200760602951049805e+01,-1.748959922790527344e+01,-1.815770912170410156e+01,-2.005441284179687500e+01,-1.864687824249267578e+01,-2.223616170883178711e+01,-2.505538129806518555e+01,-2.581728792190551758e+01,nan,nan,nan,nan,-1.320974601060152054e+01,-1.748654732108116150e+01,-1.983422768115997314e+01,-2.942008566856384277e+01,-2.927626049518585205e+01,-2.728837621212005615e+01,-2.050517374277114868e+01,-1.235928070545196533e+01,-1.926750373840332031e+01,-1.502248120307922363e+01,-1.853184807300567627e+01,-2.600956130027770996e+01,-3.039887309074401855e+01,nan,nan,nan,nan,nan,nan,nan,nan,nan,nan,nan,nan,nan,nan,nan,nan,nan,nan,nan,nan,nan,nan,nan,nan,nan,nan,nan,nan,nan,nan,nan,nan,nan
nan,nan,nan,nan,nan,nan,nan,nan,nan,nan,nan,nan,nan,nan,nan,nan,nan,nan,nan,nan,nan,nan,nan,nan,nan,nan,nan,nan,nan,nan,nan,1.763107609748840332e+01,-4.000232052803039551e+01,-4.480822467803955078e+01,-1.189564228057861328e+00,-1.035971486568450928e+01,-5.934455871582031250e+00,-1.674952912330627441e+01,-1.242236241523642093e+01,-2.353892177343368530e+01,-1.924818656593561172e+01,-1.565065860748291016e+00,-4.471660912036895752e+00,-9.996146321296691895e+00,-7.548601746559143066e+00,-1.759815774857997894e+00,1.313014455139636993e+00,5.334674715995788574e+00,3.314127206802368164e+00,2.013379335403442383e-01,-2.123938441276550293e+00,-3.013641715049743652e+00,-4.107364892959594727e+00,-3.250408649444580078e+00,-1.098126888275146484e+00,1.288819313049316406e-01,8.760735988616943359e+00,4.490142345428466797e+00,-6.148707628250122070e+00,-1.274288904666900635e+01,-1.272337374836206436e+01,-1.429143582284450531e+01,-1.547313714027404785e+01,-1.642161369323730469e+01,-2.050371646881103516e+01,-2.084458303451538086e+01,-2.199969434738159180e+01,-2.188152933120727539e+01,-3.015500617027282715e+01,nan,nan,nan,-2.109073895215988159e+01,-1.702446508407592773e+01,-1.391628098487854004e+01,-1.018675312399864197e+01,-3.935080236196517944e+01,-5.920450305938720703e+01,-5.248165988922119141e+01,-2.679662668704986572e+01,-1.871471405029296875e+01,-1.037328720092773438e+01,-6.513861119747161865e+00,-1.572025293111801147e+01,-2.203998804092407227e+01,-1.956928682327270508e+01,-2.361142325401306152e+01,-2.791631996631622314e+01,-3.606562900543212891e+01,-2.920414829254150391e+01,-2.545484280586242676e+01,-4.698807903565466404e+00,-2.287209033966064453e+00,nan,nan,nan,nan,nan,nan,nan,nan,nan,nan,nan,nan,nan,nan,nan,nan,nan,nan,nan,nan,nan,nan,nan,nan,nan,nan
nan,nan,nan,nan,nan,nan,nan,nan,nan,nan,nan,nan,nan,nan,nan,nan,nan,nan,nan,nan,nan,nan,nan,nan,nan,nan,nan,nan,nan,nan,1.869453203678131104e+01,8.171382904052734375e+00,2.309963941574096680e+01,1.428597307205200195e+01,-7.551944494247436523e+00,-5.106874465942382812e+00,-1.199719214439392090e+01,-3.986414909362792969e+00,9.980754852294921875e-01,-5.814241528860293329e+00,-1.495009875297546387e+01,-1.407737955451011658e+01,-1.820611971616744995e+01,-1.907777117192745209e+01,-1.317397308349609375e+01,-8.596854805946350098e+00,-3.081105947494506836e+00,1.712782442569732666e+00,3.557324230670928955e+00,6.987649202346801758e-02,-4.764818191528320312e+00,-4.583397865295410156e+00,-2.703142642974853516e+00,-1.245203018188476562e+00,3.869433403015136719e-01,4.562623500823974609e+00,1.481142997741699219e+00,-2.118608951568603516e+00,-1.014534330368041992e+01,-1.156651809811592102e+01,-1.136447408050298691e+01,-1.080064074695110321e+01,-1.117539381980895996e+01,-1.608817386627197266e+01,-1.981790113449096680e+01,-2.173294162750244141e+01,-2.206927490234375000e+01,-1.920319318771362305e+01,-3.123020052909851074e+01,-2.821823871135711670e+01,nan,nan,-2.267507147789001465e+01,-4.324320793151855469e+00,-1.304054784774780273e+01,nan,nan,-6.867846298217773438e+01,-7.359888839721679688e+01,-5.841092801094055176e+01,-8.514320492744445801e+00,nan,nan,-2.047487831115722656e+01,-4.962262451648712158e+00,-1.860843944549560547e+01,-3.230658435821533203e+01,-3.837240600585937500e+01,-3.925596761703491211e+01,-3.490970921516418457e+01,-1.887625068426132202e+01,-8.028905868530273438e+00,-2.274629354476928711e+00,nan,nan,nan,nan,nan,nan,nan,nan,nan,nan,nan,nan,nan,nan,nan,nan,nan,nan,nan,nan,nan,nan,nan,nan,nan,nan
nan,nan,nan,nan,nan,nan,nan,nan,nan,nan,nan,nan,nan,nan,nan,nan,nan,nan,nan,nan,nan,nan,nan,nan,nan,nan,nan,nan,nan,3.227865642309188843e+01,4.387549543380737305e+01,3.627967715263366699e+01,2.019004368782043457e+01,5.436385631561279297e+00,-1.451598501205444336e+01,-2.575019264221191406e+01,4.365431070327758789e-01,-1.247206357121467590e+01,-3.278331279754638672e+00,2.594858443737030029e+01,-1.664835190773010254e+01,-2.049493733048439026e+01,-2.106378036737442017e+01,-1.819635248184204102e+01,-1.238401478528976440e+01,-1.046182990074157715e+01,-6.584043681621551514e+00,-1.181906729936599731e+00,1.276073545217514038e+00,-1.974584728479385376e+00,-3.351611413061618805e+00,-4.927943468093872070e+00,-2.012841701507568359e-01,3.063333034515380859e+00,3.424518108367919922e+00,7.615538597106933594e+00,9.036159515380859375e-02,-3.276756286621093750e+00,-8.723124742507934570e+00,-1.140664929151535034e+01,-9.540253996849060059e+00,-4.495230376720428467e+00,-1.121091508865356445e+01,-1.483275461196899414e+01,-1.711676645278930664e+01,-2.074050331115722656e+01,-2.251813507080078125e+01,-2.398540353775024414e+01,-2.804891344904899597e+01,-3.432352453470230103e+01,-3.171021240949630737e+01,-2.770650207996368408e+01,-2.958518576622009277e+01,nan,-2.725834345817565918e+01,nan,nan,-6.457678318023681641e+01,-7.230577564239501953e+01,-3.513317328691482544e+01,nan,nan,nan,nan,nan,-1.037246045470237732e+01,-1.851966106891632080e+01,-2.550094079971313477e+01,-3.746370351314544678e+01,-3.225730836391448975e+01,-3.011347150802612305e+01,-4.080564975738525391e+00,nan,nan,nan,nan,nan,nan,nan,nan,nan,nan,nan,nan,nan,nan,nan,nan,nan,nan,nan,nan,nan,nan,nan,nan,nan,nan,nan
nan,nan,nan,nan,nan,nan,nan,nan,nan,nan,nan,nan,nan,nan,nan,nan,nan,nan,nan,nan,nan,nan,nan,nan,nan,nan,nan,nan,3.916688871383666992e+01,3.003388142585754395e+01,5.497460252046585083e+01,4.837541246414184570e+01,3.785326194763183594e+01,-1.854860305786132812e+00,-1.859828662872314453e+01,-1.273276948928833008e+01,-2.534946858882904053e+00,-1.691563820838928223e+01,-1.721945071220397949e+01,-1.851035839319229126e+01,-3.434330701828002930e+01,-3.107920169830322266e+01,-2.312833249568939209e+01,-1.865713149309158325e+01,-1.545005714893341064e+01,-9.119148612022399902e+00,-8.366077423095703125e+00,-5.218714475631713867e+00,-5.262507081031799316e+00,-1.486784577369689941e+00,-1.378481149673461914e+00,-1.471724033355712891e+00,-1.192394018173217773e+00,2.616672039031982422e+00,5.576208114624023438e+00,3.159800529479980469e+00,5.146408081054687500e-02,4.290370941162109375e-01,-1.495818138122558594e+00,-8.129863142967224121e+00,-2.537060141563415527e+00,-1.436099052429199219e+00,-9.145801782608032227e+00,-1.506822919845581055e+01,-1.818704414367675781e+01,-2.120127677917480469e+01,-2.264607048034667969e+01,-2.370763921737670898e+01,-2.710779523849487305e+01,-3.878093019127845764e+01,-3.706451553106307983e+01,-2.994933629035949707e+01,-2.094020986557006836e+01,nan,8.240310549736022949e-01,-1.963502168655395508e+01,-3.260192990303039551e+01,-6.748038530349731445e+01,-6.647286796569824219e+01,nan,nan,nan,nan,nan,nan,nan,-2.482222461700439453e+01,-1.962384200096130371e+01,-3.240802097320556641e+01,-2.464797008037567139e+01,-3.446439743041992188e+00,nan,nan,nan,nan,nan,nan,nan,nan,nan,nan,nan,nan,nan,nan,nan,nan,nan,nan,nan,nan,nan,nan,nan,nan,nan,nan,nan,nan
nan,nan,nan,nan,nan,nan,nan,nan,nan,nan,nan,nan,nan,nan,nan,nan,nan,nan,nan,nan,nan,nan,nan,nan,nan,nan,nan,nan,2.007724320888519287e+01,4.064477133750915527e+01,4.969920015335083008e+01,5.372467160224914551e+01,2.954630279541015625e+01,4.590370655059814453e+00,-4.712543249130249023e+00,-1.128891658782958984e+01,-2.214211463928222656e+01,-3.657262492179870605e+01,-3.415125513076782227e+01,-3.616274333000183105e+01,-3.314668416976928711e+01,-3.063271856307983398e+01,-2.316855204105377197e+01,-2.008600319921970367e+01,-1.711489105224609375e+01,-8.642556756734848022e+00,-5.867309510707855225e+00,-4.769256893545389175e+00,-3.996076158073265105e+00,-4.692059993743896484e+00,-8.342380523681640625e-01,-1.580380201339721680e+00,-2.142641067504882812e+00,-1.034161329269409180e+00,2.365299701690673828e+00,4.752659797668457031e-01,7.947235107421875000e-01,1.857796669006347656e+00,3.557573318481445312e+00,-2.383427619934082031e-01,-4.690303325653076172e+00,-4.397145628929138184e+00,-8.990797996520996094e+00,-1.490747189521789551e+01,-1.941890478134155273e+01,-2.226724338531494141e+01,-2.296986055374145508e+01,-2.475019598007202148e+01,-3.253687286376953125e+01,-3.995895850658416748e+01,-3.588831281661987305e+01,-3.382023885846138000e+01,-1.773172968626022339e+01,-9.942711949348449707e+00,-6.221261918544769287e+00,-1.018544491380453110e+01,-3.143564414978027344e+01,-5.942196512222290039e+01,-5.762624216079711914e+01,nan,nan,nan,nan,nan,nan,nan,nan,nan,-2.725882577896118164e+01,-2.366451930999755859e+01,-3.004011845588684082e+01,-1.526132488250732422e+01,nan,nan,nan,nan,nan,nan,nan,nan,nan,nan,nan,nan,nan,nan,nan,nan,nan,nan,nan,nan,nan,nan,nan,nan,nan,nan,nan
nan,nan,nan,nan,nan,nan,nan,nan,nan,nan,nan,nan,nan,nan,nan,nan,nan,nan,nan,nan,nan,nan,nan,nan,nan,nan,nan,4.784439158439636230e+01,4.930455625057220459e+01,6.445809459686279297e+01,6.452441668510437012e+01,4.457618665695190430e+01,2.517113304138183594e+01,1.553850230574607849e+01,-2.316648006439208984e+00,-2.210984277725219727e+01,-2.780472338199615479e+01,-3.544846975803375244e+01,-4.344257283210754395e+01,-3.654323911666870117e+01,-3.500463628768920898e+01,-3.334196901321411133e+01,-2.627058744430541992e+01,-2.005431008338928223e+01,-1.480803859233856201e+01,-1.175372993946075439e+01,-7.134724378585815430e+00,-4.487362377345561981e+00,-4.605901166796684265e+00,-5.590281963348388672e+00,-4.406479358673095703e+00,-1.725893735885620117e+00,-2.827182054519653320e+00,6.002058982849121094e-01,4.362124443054199219e+00,3.360636234283447266e+00,1.996671199798583984e+00,5.529910564422607422e+00,4.255177497863769531e+00,2.479405403137207031e-01,-1.441365480422973633e+00,-4.793553709983825684e+00,-1.003264105319976807e+01,-1.276090240478515625e+01,-1.682477235794067383e+01,-2.328137779235839844e+01,-2.482215785980224609e+01,-2.718136882781982422e+01,-3.207738018035888672e+01,-3.576207923889160156e+01,-3.556874966621398926e+01,-3.220193934440612793e+01,-2.450074219703674316e+01,-9.444896340370178223e+00,-3.528782844543457031e+00,-6.974514484405517578e+00,-2.971540355682373047e+01,-5.311302757263183594e+01,-4.961003398895263672e+01,nan,nan,nan,nan,nan,nan,nan,nan,nan,nan,nan,nan,nan,nan,nan,nan,nan,nan,nan,nan,nan,nan,nan,nan,nan,nan,nan,nan,nan,nan,nan,nan,nan,nan,nan,nan,nan,nan,nan,nan
nan,nan,nan,nan,nan,nan,nan,nan,nan,nan,nan,nan,nan,nan,nan,nan,nan,nan,nan,nan,nan,nan,nan,nan,nan,nan,nan,2.858798027038574219e+01,5.898509025573730469e+01,6.959425735473632812e+01,6.001995825767517090e+01,4.459700727462768555e+01,1.863305592536926270e+01,-2.191968441009521484e+00,-9.580888748168945312e+00,-2.773127126693725586e+01,-3.425718350708484650e+01,-3.778509187698364258e+01,-3.547851133346557617e+01,-3.777648878097534180e+01,-3.603331279754638672e+01,-3.244344139099121094e+01,-3.226535892486572266e+01,-2.231095790863037109e+01,-1.670159268379211426e+01,-1.204290795326232910e+01,-8.985733151435852051e+00,-7.188964940607547760e+00,-6.655839681625366211e+00,-3.494786024093627930e+00,-3.299298286437988281e+00,-2.285279035568237305e+00,-8.984279632568359375e-02,1.890278339385986328e+00,5.262195110321044922e+00,7.353594779968261719e+00,4.707946300506591797e+00,5.965246677398681641e+00,4.365916728973388672e+00,1.798591613769531250e+00,-1.403898239135742188e+00,-2.185981750488281250e+00,-7.148635327816009521e+00,-1.548354291915893555e+01,-1.785629224777221680e+01,-2.231156063079833984e+01,-2.555287027359008789e+01,-2.522638416290283203e+01,-3.184086370468139648e+01,-3.274290180206298828e+01,-3.028807449340820312e+01,-3.274216568470001221e+01,-2.917385864257812500e+01,nan,nan,nan,nan,nan,-5.774800968170166016e+01,-1.117553520202636719e+01,nan,nan,nan,nan,nan,nan,nan,nan,nan,nan,nan,nan,nan,nan,nan,nan,nan,nan,nan,nan,nan,nan,nan,nan,nan,nan,nan,nan,nan,nan,nan,nan,nan,nan,nan,nan,nan,nan,nan
nan,nan,nan,nan,nan,nan,nan,nan,nan,nan,nan,nan,nan,nan,nan,nan,nan,nan,nan,nan,nan,nan,nan,nan,nan,nan,nan,5.178089666366577148e+01,6.439778220653533936e+01,5.857903623580932617e+01,5.342347669601440430e+01,3.959636068344116211e+01,1.784492349624633789e+01,3.626247167587280273e+00,-1.007558751106262207e+01,-2.303631472587585449e+01,-2.831018452346324921e+01,-3.287823244929313660e+01,-3.415078878402709961e+01,-3.529951858520507812e+01,-3.289688730239868164e+01,-2.534285998344421387e+01,-2.251236534118652344e+01,-1.857569479942321777e+01,-1.565332055091857910e+01,-1.428805756568908691e+01,-1.054932570457458496e+01,-4.281320184469223022e+00,-7.763258814811706543e-01,1.085111215710639954e+00,-1.634433388710021973e+00,-1.175017356872558594e+00,1.191598653793334961e+00,5.829060554504394531e+00,6.391601562500000000e+00,7.886086463928222656e+00,6.645019531250000000e+00,3.108554840087890625e+00,4.727527618408203125e+00,4.189066410064697266e+00,1.218951225280761719e+00,-1.666224002838134766e+00,-1.066461730003356934e+01,-1.735902452468872070e+01,-2.216079616546630859e+01,-2.287968349456787109e+01,-2.575146150588989258e+01,-2.844437313079833984e+01,-2.790781927108764648e+01,-3.205298376083374023e+01,-3.212331342697143555e+01,-3.168121331930160522e+01,-2.656917905807495117e+01,nan,nan,nan,nan,nan,-7.109777641296386719e+01,-8.510999298095703125e+01,nan,nan,nan,nan,nan,nan,nan,nan,nan,nan,nan,nan,nan,nan,nan,nan,nan,nan,nan,nan,nan,nan,nan,nan,nan,nan,nan,nan,nan,nan,nan,nan,nan,nan,nan,nan,nan,nan,nan
nan,nan,nan,nan,nan,nan,nan,nan,nan,nan,nan,nan,nan,nan,nan,nan,nan,nan,nan,nan,nan,nan,nan,nan,nan,nan,4.812133729457855225e+01,5.033051308989524841e+01,5.909359550476074219e+01,5.963446187973022461e+01,3.485085535049438477e+01,2.286676526069641113e+01,1.040610384941101074e+01,7.980537891387939453e+00,-6.206408917903900146e+00,-2.196479165554046631e+01,-2.877598255872726440e+01,-3.514565271139144897e+01,-3.292304027080535889e+01,-3.333436179161071777e+01,-2.924322366714477539e+01,-2.001167547702789307e+01,-1.989602869749069214e+01,-1.858533966541290283e+01,-1.484871268272399902e+01,-1.169110131263732910e+01,-6.938284516334533691e+00,-5.660143435001373291e+00,2.563667297363281250e-01,-4.310131072998046875e-02,-5.776519775390625000e-01,3.174713134765625000e+00,5.056628465652465820e+00,5.098649024963378906e+00,5.638275146484375000e+00,4.679570674896240234e+00,5.683980941772460938e+00,5.663433074951171875e+00,6.255045413970947266e+00,5.617922782897949219e+00,-1.668825149536132812e-01,-5.826788425445556641e+00,-1.775158262252807617e+01,-2.263696241378784180e+01,-2.223069381713867188e+01,-2.419071531295776367e+01,-3.014059495925903320e+01,-3.379229688644409180e+01,-3.527593040466308594e+01,-4.055945742130279541e+01,-3.678236484527587891e+01,-3.596820306777954102e+01,-3.452528667449951172e+01,-3.663233527541160583e+01,nan,nan,nan,nan,-7.624627399444580078e+01,-1.001157360076904297e+02,-6.508174705505371094e+01,nan,nan,nan,nan,nan,nan,nan,nan,nan,nan,nan,nan,nan,nan,nan,nan,nan,nan,nan,nan,nan,nan,nan,nan,nan,nan,nan,nan,nan,nan,nan,nan,nan,nan,nan,nan,nan,nan
nan,nan,nan,nan,nan,nan,nan,nan,nan,nan,nan,nan,nan,nan,nan,nan,nan,nan,nan,nan,nan,nan,nan,nan,nan,nan,3.926343345642089844e+01,5.544232273101806641e+01,5.759867870807647705e+01,5.659841191768646240e+01,4.623175096511840820e+01,1.941639780998229980e+01,1.598989677429199219e+01,8.990434408187866211e+00,-3.859909027814865112e+00,-1.647581410408020020e+01,-2.310275656729936600e+01,-2.733904418349266052e+01,-2.949783486127853394e+01,-3.231984353065490723e+01,-3.153373050689697266e+01,-2.837444639205932617e+01,-2.184326553344726562e+01,-1.671780295670032501e+01,-1.091076505184173584e+01,-8.903213977813720703e+00,-4.088145017623901367e+00,-7.002279758453369141e-01,1.676214694976806641e+00,1.223741054534912109e+00,1.101154088973999023e+00,5.682722330093383789e+00,6.966291427612304688e+00,7.435562133789062500e+00,6.858153820037841797e+00,5.789207458496093750e+00,3.167100906372070312e+00,2.089385509490966797e+00,5.858481884002685547e+00,-1.284400939941406250e+00,-6.174967050552368164e+00,-1.175122725963592529e+01,-2.104299449920654297e+01,-2.410348129272460938e+01,-2.429283332824707031e+01,-2.836711502075195312e+01,-3.267309856414794922e+01,-3.349179267883300781e+01,-3.455742645263671875e+01,-3.672411012649536133e+01,-4.063278269767761230e+01,-4.631395596265792847e+01,-4.908631825447082520e+01,-4.728811216354370117e+01,-5.180527979135513306e+01,nan,nan,nan,nan,-9.261380386352539062e+01,-1.011515464782714844e+02,nan,nan,nan,nan,nan,nan,nan,nan,nan,nan,nan,nan,nan,nan,nan,nan,nan,nan,nan,nan,nan,nan,nan,nan,nan,nan,nan,nan,nan,nan,nan,nan,nan,nan,nan,nan,nan,nan
nan,nan,nan,nan,nan,nan,nan,nan,nan,nan,nan,nan,nan,nan,nan,nan,nan,nan,nan,nan,nan,nan,nan,nan,nan,4.410149621963500977e+01,3.833065557479858398e+01,5.224661874771118164e+01,4.662034362554550171e+01,4.614646673202514648e+01,3.650094699859619141e+01,2.642532587051391602e+01,1.450952649116516113e+01,1.505867272615432739e+00,-7.694568753242492676e+00,-1.705097270011901855e+01,-2.264283968508243561e+01,-2.420617550611495972e+01,-2.760322016477584839e+01,-3.056955242156982422e+01,-3.045599699020385742e+01,-2.779189848899841309e+01,-1.877183914184570312e+01,-1.555826380848884583e+01,-4.887978553771972656e+00,-8.522645533084869385e-01,-1.045690804719924927e+00,5.085687637329101562e-01,1.328001260757446289e+00,3.578568935394287109e+00,5.394403219223022461e+00,7.772234678268432617e+00,6.609260082244873047e+00,6.919035434722900391e+00,7.852511405944824219e+00,6.558632373809814453e+00,2.782278060913085938e+00,1.090186834335327148e+00,1.255596637725830078e+00,-3.156095981597900391e+00,-8.765984475612640381e+00,-1.490651726722717285e+01,-2.058514261245727539e+01,-2.632747077941894531e+01,-2.876683664321899414e+01,-3.073290872573852539e+01,-3.331553864479064941e+01,-3.556400012969970703e+01,-3.552356505393981934e+01,-4.268378806114196777e+01,-4.572614192962646484e+01,-4.680209279060363770e+01,-4.901449728012084961e+01,-5.724670577049255371e+01,-7.315027678012847900e+01,nan,nan,nan,nan,-1.022799835205078125e+02,-1.029346656799316406e+02,nan,nan,nan,nan,nan,nan,nan,nan,nan,nan,nan,nan,nan,nan,nan,nan,nan,nan,nan,nan,nan,nan,nan,nan,nan,nan,nan,nan,nan,nan,nan,nan,nan,nan,nan,nan,nan,nan
nan,nan,nan,nan,nan,nan,nan,nan,nan,nan,nan,nan,nan,nan,nan,nan,nan,nan,nan,nan,nan,nan,nan,nan,nan,nan,3.161045598983764648e+01,4.580777072906494141e+01,4.123756664991378784e+01,3.734804689884185791e+01,3.111977744102478027e+01,1.707672739028930664e+01,5.321544408798217773e+00,-8.963400125503540039e-01,-6.656013369560241699e+00,-1.230196988582611084e+01,-1.914147929847240448e+01,-2.182393831014633179e+01,-2.750503924489021301e+01,-2.425402641296386719e+01,-2.618974471092224121e+01,-2.554100751876831055e+01,-1.680412721633911133e+01,-8.933146268129348755e+00,-3.984581112861633301e+00,-1.941310226917266846e+00,2.114787220954895020e+00,1.775547504425048828e+00,2.478264451026916504e+00,6.638737797737121582e+00,7.457519292831420898e+00,1.010710740089416504e+01,8.914869070053100586e+00,8.355643749237060547e+00,8.079068660736083984e+00,4.585608482360839844e+00,3.445209026336669922e+00,1.588922500610351562e+00,-9.175889492034912109e-01,-6.047372341156005859e+00,-1.221539413928985596e+01,-1.863613271713256836e+01,-2.419534969329833984e+01,-2.881955718994140625e+01,-2.834817647933959961e+01,-3.003744149208068848e+01,-3.282689619064331055e+01,-3.411763954162597656e+01,-3.460736083984375000e+01,-4.599196302890777588e+01,-5.286575412750244141e+01,-4.623649084568023682e+01,-5.037987470626831055e+01,-6.450467872619628906e+01,-9.077319705486297607e+01,-7.511266422271728516e+01,nan,nan,-6.959416389465332031e+01,-9.150897884368896484e+01,-1.433184146881103516e+02,nan,nan,nan,nan,nan,nan,nan,nan,nan,nan,nan,nan,nan,nan,nan,nan,nan,nan,nan,nan,nan,nan,nan,nan,nan,nan,nan,nan,nan,nan,nan,nan,nan,nan,nan,nan,nan,nan
nan,nan,nan,nan,nan,nan,nan,nan,nan,nan,nan,nan,nan,nan,nan,nan,nan,nan,nan,nan,nan,nan,nan,nan,nan,nan,3.656496739387512207e+01,3.987801909446716309e+01,3.431775411963462830e+01,3.409381604194641113e+01,2.154464769363403320e+01,2.601263761520385742e+00,-3.421969879418611526e-01,-4.667456150054931641e+00,-5.866871088743209839e+00,-1.169303232431411743e+01,-1.387458154559135437e+01,-1.880254679918289185e+01,-2.096875977516174316e+01,-2.059369099140167236e+01,-1.936132359504699707e+01,-1.948800110816955566e+01,-9.399788528680801392e+00,-3.251199185848236084e+00,7.574820518493652344e-01,2.421684741973876953e+00,3.862173795700073242e+00,6.180182039737701416e+00,6.663778543472290039e+00,6.519678592681884766e+00,8.281924009323120117e+00,1.003835964202880859e+01,8.969001770019531250e+00,6.552964687347412109e+00,6.284151554107666016e+00,3.232317924499511719e+00,8.776316642761230469e-01,1.484600067138671875e+00,-3.721142053604125977e+00,-9.407402306795120239e+00,-1.581458735466003418e+01,-2.216971254348754883e+01,-2.742116403579711914e+01,-3.067147493362426758e+01,-3.001200938224792480e+01,-3.159572362899780273e+01,-3.265282535552978516e+01,-3.448878026008605957e+01,-3.923068046569824219e+01,-4.710680544376373291e+01,-5.261015319824218750e+01,-5.398282378911972046e+01,-6.370235061645507812e+01,-6.087831676006317139e+01,-7.448942983150482178e+01,-9.068693780899047852e+01,-7.608321666717529297e+01,-4.354614019393920898e+01,-6.177571392059326172e+01,-9.061956596374511719e+01,-1.191561183929443359e+02,nan,nan,nan,nan,nan,nan,nan,nan,nan,nan,nan,nan,nan,nan,nan,nan,nan,nan,nan,nan,nan,nan,nan,nan,nan,nan,nan,nan,nan,nan,nan,nan,nan,nan,nan,nan,nan,nan
nan,nan,nan,nan,nan,nan,nan,nan,nan,nan,nan,nan,nan,nan,nan,nan,nan,nan,nan,nan,nan,nan,nan,nan,nan,nan,nan,1.466488105058670044e+01,3.329485940933227539e+01,3.063772289454936981e+01,1.049982714653015137e+01,-1.027759313583374023e-01,-1.827569723129272461e+00,-5.584398627281188965e+00,-5.202982068061828613e+00,-3.549831509590148926e+00,-1.277815926074981689e+01,-1.543898510932922363e+01,-1.710130369663238525e+01,-1.601040077209472656e+01,-1.524941968917846680e+01,-1.526678061485290527e+01,-4.365442559123039246e+00,-1.540404379367828369e+00,1.803923726081848145e+00,4.342954158782958984e+00,7.810848355293273926e+00,6.937870778143405914e+00,8.215360659523867071e+00,8.668283939361572266e+00,9.577860355377197266e+00,1.288841700553894043e+01,8.564373016357421875e+00,6.236929893493652344e+00,6.512546539306640625e+00,1.504351377487182617e+00,2.301727533340454102e+00,-1.493040084838867188e+00,-8.742566585540771484e+00,-1.232877314090728760e+01,-1.863535094261169434e+01,-2.469524192810058594e+01,-2.961130738258361816e+01,-3.359020316600799561e+01,-2.984210348129272461e+01,-3.563803386688232422e+01,-3.781202769279479980e+01,-3.893257343769073486e+01,-4.316687147319316864e+01,-4.533788743615150452e+01,-4.723803701996803284e+01,-5.748713326454162598e+01,-6.248735833168029785e+01,-6.870714902877807617e+01,-7.611398029327392578e+01,-9.010386037826538086e+01,-8.170699644088745117e+01,-4.455481576919555664e+01,-5.160625171661376953e+01,-9.256941986083984375e+01,-1.267605915069580078e+02,-5.832832336425781250e+01,-3.329203796386718750e+01,nan,nan,nan,nan,nan,nan,nan,nan,nan,nan,nan,nan,nan,nan,nan,nan,nan,nan,nan,nan,nan,nan,nan,nan,nan,nan,nan,nan,nan,nan,nan,nan,nan,nan,nan,nan
nan,nan,nan,nan,nan,nan,nan,nan,nan,nan,nan,nan,nan,nan,nan,nan,nan,nan,nan,nan,nan,nan,nan,nan,nan,nan,nan,2.681228756904602051e+01,2.928675627708435059e+01,1.687675380706787109e+01,5.811296463012695312e+00,-2.223171591758728027e-01,-2.344503045082092285e+00,-3.052243411540985107e+00,-9.557512402534484863e-01,1.225669890642166138e+00,-8.833135738968849182e+00,-1.578981995582580566e+01,-1.738438153266906738e+01,-1.649603152275085449e+01,-1.525563406944274902e+01,-1.009005200862884521e+01,2.338480353355407715e-01,1.383544892072677612e+00,1.855386137962341309e+00,5.920469224452972412e+00,7.507381558418273926e+00,8.534226924180984497e+00,8.979472994804382324e+00,7.780881643295288086e+00,8.736462831497192383e+00,7.444119930267333984e+00,7.350692987442016602e+00,7.012333869934082031e+00,7.115331172943115234e+00,4.703523159027099609e+00,5.264427661895751953e-01,-4.069351613521575928e+00,-1.127985966205596924e+01,-1.466024398803710938e+01,-2.084648323059082031e+01,-2.707085275650024414e+01,-2.906300818920135498e+01,-3.353052668273448944e+01,-3.491667687892913818e+01,-3.818778450042009354e+01,-4.097025929391384125e+01,-4.164010375738143921e+01,-4.276774153113365173e+01,-4.400140309333801270e+01,-4.553386116027832031e+01,-5.044305345416069031e+01,-5.852072501182556152e+01,-6.223498153686523438e+01,-7.216304397583007812e+01,-7.876509928703308105e+01,nan,nan,-6.891898441314697266e+01,-9.981123161315917969e+01,-1.316315231323242188e+02,-1.171570491790771484e+02,-1.058561973571777344e+02,nan,nan,nan,nan,nan,nan,nan,nan,nan,nan,nan,nan,nan,nan,nan,nan,nan,nan,nan,nan,nan,nan,nan,nan,nan,nan,nan,nan,nan,nan,nan,nan,nan,nan,nan,nan
nan,nan,nan,nan,nan,nan,nan,nan,nan,nan,nan,nan,nan,nan,nan,nan,nan,nan,nan,nan,nan,nan,nan,nan,nan,nan,nan,nan,2.855891710519790649e+01,2.263048326969146729e+01,1.561828160285949707e+01,5.939000904560089111e+00,-2.374737858772277832e+00,-1.665146827697753906e+00,4.957787692546844482e+00,-4.388928413391113281e-02,-1.146708273887634277e+01,-9.911203861236572266e+00,-2.126461958885192871e+01,-1.830730414390563965e+01,-1.587694144248962402e+01,-4.724892199039459229e+00,5.579006671905517578e-02,-2.714187502861022949e-01,1.798203974962234497e+00,9.188378885388374329e+00,5.936720252037048340e+00,4.015751123428344727e+00,5.066082119941711426e+00,5.437209129333496094e+00,6.291294574737548828e+00,7.571623563766479492e+00,7.353767395019531250e+00,7.069993734359741211e+00,5.762674331665039062e+00,1.653313398361206055e+00,-4.433782100677490234e-01,-5.665295019745826721e+00,-1.121564799547195435e+01,-1.821539282798767090e+01,-2.196319746971130371e+01,-2.950223410129547119e+01,-3.110132387280464172e+01,-3.585821366310119629e+01,-3.710131347179412842e+01,-3.811010396480560303e+01,-4.072219312191009521e+01,-4.301594960689544678e+01,-4.314702868461608887e+01,-4.419707310199737549e+01,-4.702416908740997314e+01,-4.903302025794982910e+01,-5.681724572181701660e+01,-6.360907411575317383e+01,-6.523309779167175293e+01,-6.068141555786132812e+01,nan,nan,-8.823940944671630859e+01,-9.794545650482177734e+01,-1.126975994110107422e+02,-8.494117498397827148e+01,-1.046051921844482422e+02,nan,nan,nan,nan,nan,nan,nan,nan,nan,nan,nan,nan,nan,nan,nan,nan,nan,nan,nan,nan,nan,nan,nan,nan,nan,nan,nan,nan,nan,nan,nan,nan,nan,nan,nan,nan
nan,nan,nan,nan,nan,nan,nan,nan,nan,nan,nan,nan,nan,nan,nan,nan,nan,nan,nan,nan,nan,nan,nan,nan,nan,nan,nan,nan,1.754674315452575684e+01,nan,nan,nan,nan,nan,nan,-7.406042754650115967e+00,nan,nan,nan,-1.518468260765075684e+01,-7.966988682746887207e+00,-2.059307362884283066e+00,2.299192190170288086e+00,5.057739943265914917e+00,7.557972431182861328e+00,6.885437339544296265e+00,6.072709843516349792e+00,1.671805500984191895e+00,2.916284322738647461e+00,5.327125787734985352e+00,5.454376459121704102e+00,6.982144355773925781e+00,7.481349945068359375e+00,5.099516391754150391e+00,2.674230575561523438e+00,9.303383827209472656e-01,-1.249134540557861328e-01,-6.811606345698237419e+00,-1.187508428096771240e+01,-1.996269404888153076e+01,-2.370823535323143005e+01,-2.911287617683410645e+01,-3.254252982139587402e+01,-3.828887963294982910e+01,-3.908786988258361816e+01,-4.059667301177978516e+01,-4.418001890182495117e+01,-4.347874983772635460e+01,-4.324003091454505920e+01,-4.433050072193145752e+01,-4.679634928703308105e+01,-4.924467945098876953e+01,-6.041742444038391113e+01,-6.761150813102722168e+01,-2.369621086120605469e+01,-3.850450450181961060e+01,nan,nan,nan,nan,-1.105057945251464844e+02,-1.152989988327026367e+02,nan,nan,nan,nan,nan,nan,nan,nan,nan,nan,nan,nan,nan,nan,nan,nan,nan,nan,nan,nan,nan,nan,nan,nan,nan,nan,nan,nan,nan,nan,nan,nan,nan,nan,nan,nan,nan
nan,nan,nan,nan,nan,nan,nan,nan,nan,nan,nan,nan,nan,nan,nan,nan,nan,nan,nan,nan,nan,nan,nan,nan,nan,nan,nan,1.891629171371459961e+01,nan,nan,nan,nan,nan,nan,nan,-6.773458153009414673e+00,nan,nan,nan,nan,-6.704573333263397217e+00,-1.258311782032251358e+01,3.382253661751747131e+00,7.861693322658538818e+00,8.829633295536041260e+00,5.795052349567413330e+00,4.394572108983993530e+00,2.723421573638916016e+00,5.216619968414306641e+00,5.917014598846435547e+00,4.251661777496337891e+00,4.627619028091430664e+00,3.105138063430786133e+00,2.021473646163940430e+00,1.639927148818969727e+00,2.135880947113037109e+00,-2.061870217323303223e+00,-7.022838354110717773e+00,-9.566404104232788086e+00,-2.073228174448013306e+01,-2.167357438802719116e+01,-2.529163396358489990e+01,-3.285184788703918457e+01,-3.844803142547607422e+01,-4.049419021606445312e+01,-4.522358202934265137e+01,-4.506839466094970703e+01,-4.317590677738189697e+01,-4.370520102977752686e+01,-4.508462548255920410e+01,-4.228586959838867188e+01,-4.869996476173400879e+01,-6.937623506784439087e+01,-4.638007450103759766e+01,nan,nan,nan,nan,nan,nan,-1.007817363739013672e+02,-1.521343326568603516e+01,nan,nan,nan,nan,nan,nan,nan,nan,nan,nan,nan,nan,nan,nan,nan,nan,nan,nan,nan,nan,nan,nan,nan,nan,nan,nan,nan,nan,nan,nan,nan,nan,nan,nan,nan,nan,nan
nan,nan,nan,nan,nan,nan,nan,nan,nan,nan,nan,nan,nan,nan,nan,nan,nan,nan,nan,nan,nan,nan,nan,nan,nan,nan,nan,1.848406863212585449e+01,nan,nan,nan,nan,nan,nan,nan,nan,nan,nan,nan,nan,nan,nan,nan,3.043310239911079407e+00,7.251160740852355957e+00,7.074103424325585365e+00,3.225066035985946655e+00,3.627045735716819763e+00,4.710582733154296875e+00,3.511077016592025757e+00,1.603377390652894974e+00,-5.181060433387756348e-01,2.924925327301025391e+00,7.678429484367370605e-01,-9.718044996261596680e-01,-2.123060286045074463e+00,-5.020051877945661545e+00,-7.138803958892822266e+00,-1.062985765933990479e+01,-1.357895076274871826e+01,-1.658549189008772373e+01,-2.280104953050613403e+01,-3.564838147163391113e+01,-3.922808599472045898e+01,-4.347776556015014648e+01,-4.715884685516357422e+01,-4.711907583475112915e+01,-4.667568645742721856e+01,-4.782657539844512939e+01,-4.695436334609985352e+01,-4.018719339370727539e+01,-5.098066711425781250e+01,-7.006466808915138245e+01,2.826558351516723633e-01,nan,nan,nan,nan,nan,nan,nan,-1.540247440338134766e+01,nan,nan,nan,nan,nan,nan,nan,nan,nan,nan,nan,nan,nan,nan,nan,nan,nan,nan,nan,nan,nan,nan,nan,nan,nan,nan,nan,nan,nan,nan,nan,nan,nan,nan,nan,nan,nan
nan,nan,nan,nan,nan,nan,nan,nan,nan,nan,nan,nan,nan,nan,nan,nan,nan,nan,nan,nan,nan,nan,nan,nan,nan,nan,nan,2.038544487953186035e+01,nan,nan,nan,nan,nan,nan,nan,nan,nan,nan,nan,nan,nan,nan,nan,nan,3.682494759559631348e+00,4.274432614445686340e+00,5.230133935809135437e+00,2.822972536087036133e+00,2.540160596370697021e+00,2.648337781429290771e+00,1.715718865394592285e+00,-6.582451360300183296e-01,-1.134914055466651917e+00,-1.497889235615730286e+00,-2.522634593769907951e+00,-4.407267510890960693e+00,-3.937862515449523926e+00,-7.214929968118667603e+00,-8.096639156341552734e+00,-6.178727626800537109e+00,-1.011774462461471558e+01,-1.353088819980621338e+01,-2.835506176948547363e+01,-3.455740213394165039e+01,-3.912234902381896973e+01,-4.831963920593261719e+01,-4.827410960197448730e+01,-4.592880928516387939e+01,-4.575678002834320068e+01,-4.448662042617797852e+01,-4.050818204879760742e+01,-4.876467156410217285e+01,-7.684737324714660645e+01,-1.012744879722595215e+01,nan,nan,nan,nan,nan,nan,nan,nan,nan,nan,nan,nan,nan,nan,nan,nan,nan,nan,nan,nan,nan,nan,nan,nan,nan,nan,nan,nan,nan,nan,nan,nan,nan,nan,nan,nan,nan,nan,nan,nan,nan,nan,nan,nan,nan
nan,nan,nan,nan,nan,nan,nan,nan,nan,nan,nan,nan,nan,nan,nan,nan,nan,nan,nan,nan,nan,nan,nan,nan,nan,nan,nan,nan,nan,nan,nan,nan,nan,nan,nan,nan,nan,nan,nan,nan,nan,nan,nan,nan,nan,nan,4.390210300683975220e+00,3.198225617408752441e+00,3.861097127199172974e+00,4.397338271141052246e+00,3.539546452462673187e+00,8.413668274879455566e-01,-5.478652564808726311e+00,6.820871233940124512e-01,-3.063637495040893555e+00,-5.123310312628746033e+00,-7.313346177339553833e+00,-9.779872313141822815e+00,-8.131365776062011719e+00,-4.522351771593093872e+00,-2.303011655807495117e+00,-5.285564422607421875e+00,-1.403403091430664062e+01,-2.498274564743041992e+01,-2.987388515472412109e+01,-4.245179128646850586e+01,-4.424647045135498047e+01,-4.440213668346405029e+01,-4.281583142280578613e+01,-4.509566044807434082e+01,-5.240037679672241211e+01,-6.209310030937194824e+01,-7.141672980785369873e+01,-5.772221666574478149e+01,nan,nan,nan,nan,nan,nan,nan,nan,-1.346950721740722656e+01,nan,nan,nan,nan,nan,nan,nan,nan,nan,nan,nan,nan,nan,nan,nan,nan,nan,nan,nan,nan,nan,nan,nan,nan,nan,nan,nan,nan,nan,nan,nan,nan,nan,nan,nan,nan
nan,nan,nan,nan,nan,nan,nan,nan,nan,nan,nan,nan,nan,nan,nan,nan,nan,nan,nan,nan,nan,nan,nan,nan,nan,nan,nan,nan,nan,nan,nan,nan,nan,nan,nan,nan,nan,nan,nan,nan,nan,nan,nan,nan,nan,nan,nan,nan,nan,nan,nan,nan,nan,nan,nan,nan,-8.383941054344177246e+00,-1.236775845289230347e+01,-8.840609222650527954e+00,-1.887724757194519043e+00,2.234227791428565979e+00,-1.768433558940887451e+01,nan,nan,nan,-4.013571858406066895e+01,-3.729547274112701416e+01,-4.347608089447021484e+01,-4.467128455638885498e+01,-5.046700382232666016e+01,-6.086856865882873535e+01,-7.374803400039672852e+01,-6.418203353881835938e+01,-5.214850682020187378e+01,nan,nan,nan,nan,nan,nan,nan,nan,nan,nan,nan,nan,nan,nan,nan,nan,nan,nan,nan,nan,nan,nan,nan,nan,nan,nan,nan,nan,nan,nan,nan,nan,nan,nan,nan,nan,nan,nan,nan,nan,nan,nan,nan,nan,nan
nan,nan,nan,nan,nan,nan,nan,nan,nan,nan,nan,nan,nan,nan,nan,nan,nan,nan,nan,nan,nan,nan,nan,nan,nan,nan,nan,nan,nan,nan,nan,nan,nan,nan,nan,nan,nan,nan,nan,nan,nan,nan,nan,nan,nan,nan,nan,nan,nan,nan,nan,nan,nan,nan,nan,nan,nan,-1.858857297897338867e+01,-1.001191675662994385e+01,-5.576134264469146729e+00,nan,nan,nan,nan,nan,nan,nan,-4.353237205743789673e+01,-4.708161902427673340e+01,-6.789424943923950195e+01,-7.748661804199218750e+01,-8.403960590064525604e+01,-4.699201548099517822e+01,nan,nan,nan,nan,nan,nan,nan,nan,nan,nan,nan,nan,nan,nan,nan,nan,nan,nan,nan,nan,nan,nan,nan,nan,nan,nan,nan,nan,nan,nan,nan,nan,nan,nan,nan,nan,nan,nan,nan,nan,nan,nan,nan,nan,nan,nan
nan,nan,nan,nan,nan,nan,nan,nan,nan,nan,nan,nan,nan,nan,nan,nan,nan,nan,nan,nan,nan,nan,nan,nan,nan,nan,nan,nan,nan,nan,nan,nan,nan,nan,nan,nan,nan,nan,nan,nan,nan,nan,nan,nan,nan,nan,nan,nan,nan,nan,nan,nan,nan,nan,nan,nan,nan,nan,-7.824659198522567749e+00,nan,nan,nan,nan,nan,nan,nan,nan,nan,nan,nan,-6.537797737121582031e+01,-5.845256042480468750e+01,-4.142668652534484863e+01,nan,nan,nan,nan,nan,nan,nan,nan,nan,nan,nan,nan,nan,nan,nan,nan,nan,nan,nan,nan,nan,nan,nan,nan,nan,nan,nan,nan,nan,nan,nan,nan,nan,nan,nan,nan,nan,nan,nan,nan,nan,nan,nan,nan,nan,nan
nan,nan,nan,nan,nan,nan,nan,nan,nan,nan,nan,nan,nan,nan,nan,nan,nan,nan,nan,nan,nan,nan,nan,nan,nan,nan,nan,nan,nan,nan,nan,nan,nan,nan,nan,nan,nan,nan,nan,nan,nan,nan,nan,nan,nan,nan,nan,nan,nan,nan,nan,nan,nan,nan,nan,nan,nan,nan,nan,nan,nan,nan,nan,nan,nan,nan,nan,nan,nan,nan,9.603781431913375854e+00,-1.635752141475677490e+01,-1.634531736373901367e+01,-2.747192144393920898e+00,nan,nan,nan,nan,nan,nan,nan,nan,nan,nan,nan,nan,nan,nan,nan,nan,nan,nan,nan,nan,nan,nan,nan,nan,nan,nan,nan,nan,nan,nan,nan,nan,nan,nan,nan,nan,nan,nan,nan,nan,nan,nan,nan,nan,nan
nan,nan,nan,nan,nan,nan,nan,nan,nan,nan,nan,nan,nan,nan,nan,nan,nan,nan,nan,nan,nan,nan,nan,nan,nan,nan,nan,nan,nan,nan,nan,nan,nan,nan,nan,nan,nan,nan,nan,nan,nan,nan,nan,nan,nan,nan,nan,nan,nan,nan,nan,nan,nan,nan,nan,nan,nan,nan,nan,nan,nan,nan,nan,nan,nan,nan,nan,nan,nan,-3.509793901443481445e+01,1.540623590350151062e+01,1.180336880683898926e+01,-1.593094766139984131e+00,-4.472856092453002930e+01,nan,nan,nan,nan,nan,nan,nan,nan,nan,nan,nan,nan,nan,nan,nan,nan,nan,nan,nan,nan,nan,nan,nan,nan,nan,nan,nan,nan,nan,nan,nan,nan,nan,nan,nan,nan,nan,nan,nan,nan,nan,nan,nan,nan,nan
nan,nan,nan,nan,nan,nan,nan,nan,nan,nan,nan,nan,nan,nan,nan,nan,nan,nan,nan,nan,nan,nan,nan,nan,nan,nan,nan,nan,nan,nan,nan,nan,nan,nan,nan,nan,nan,nan,nan,nan,nan,nan,nan,nan,nan,nan,nan,nan,nan,nan,nan,nan,nan,nan,nan,nan,nan,nan,nan,nan,nan,nan,nan,nan,nan,nan,nan,nan,nan,1.323280330747365952e+00,8.096499800682067871e+00,2.067900180816650391e+00,-5.858721971511840820e+01,-6.730442285537719727e+01,nan,nan,nan,nan,nan,nan,nan,nan,nan,nan,nan,nan,nan,nan,nan,nan,nan,nan,nan,nan,nan,nan,nan,nan,nan,nan,nan,nan,nan,nan,nan,nan,nan,nan,nan,nan,nan,nan,nan,nan,nan,nan,nan,nan,nan
nan,nan,nan,nan,nan,nan,nan,nan,nan,nan,nan,nan,nan,nan,nan,nan,nan,nan,nan,nan,nan,nan,nan,nan,nan,nan,nan,nan,nan,nan,nan,nan,nan,nan,nan,nan,nan,nan,nan,nan,nan,nan,nan,nan,nan,nan,nan,nan,nan,nan,nan,nan,nan,nan,nan,nan,nan,nan,nan,nan,nan,nan,nan,nan,nan,nan,nan,nan,nan,-3.700665664672851562e+01,4.037061691284179688e+00,-1.723279094696044922e+01,-9.371275711059570312e+01,-8.642779159545898438e+01,-2.540434169769287109e+01,nan,nan,nan,nan,nan,nan,nan,nan,nan,nan,nan,nan,nan,nan,nan,nan,nan,nan,nan,nan,nan,nan,nan,nan,nan,nan,nan,nan,nan,nan,nan,nan,nan,nan,nan,nan,nan,nan,nan,nan,nan,nan,nan,nan
nan,nan,nan,nan,nan,nan,nan,nan,nan,nan,nan,nan,nan,nan,nan,nan,nan,nan,nan,nan,nan,nan,nan,nan,nan,nan,nan,nan,nan,nan,nan,nan,nan,nan,nan,nan,nan,nan,nan,nan,nan,nan,nan,nan,nan,nan,nan,nan,nan,nan,nan,nan,nan,nan,nan,nan,nan,nan,nan,nan,nan,nan,nan,nan,nan,nan,nan,nan,nan,nan,-1.041864264011383057e+01,-3.749847555160522461e+01,-1.058512420654296875e+02,-9.493996810913085938e+01,-7.678936004638671875e+01,nan,nan,nan,nan,nan,nan,nan,nan,nan,nan,nan,nan,nan,nan,nan,nan,nan,nan,nan,nan,nan,nan,nan,nan,nan,nan,nan,nan,nan,nan,nan,nan,nan,nan,nan,nan,nan,nan,nan,nan,nan,nan,nan,nan
nan,nan,nan,nan,nan,nan,nan,nan,nan,nan,nan,nan,nan,nan,nan,nan,nan,nan,nan,nan,nan,nan,nan,nan,nan,nan,nan,nan,nan,nan,nan,nan,nan,nan,nan,nan,nan,nan,nan,nan,nan,nan,nan,nan,nan,nan,nan,nan,nan,nan,nan,nan,nan,nan,nan,nan,nan,nan,nan,nan,nan,nan,nan,nan,nan,nan,nan,nan,nan,nan,nan,-4.507505130767822266e+01,-1.153620271682739258e+02,-1.361101226806640625e+02,-1.013130531311035156e+02,nan,nan,nan,nan,nan,nan,nan,nan,nan,nan,nan,nan,nan,nan,nan,nan,nan,nan,nan,nan,nan,nan,nan,nan,nan,nan,nan,nan,nan,nan,nan,nan,nan,nan,nan,nan,nan,nan,nan,nan,nan,nan,nan,nan
nan,nan,nan,nan,nan,nan,nan,nan,nan,nan,nan,nan,nan,nan,nan,nan,nan,nan,nan,nan,nan,nan,nan,nan,nan,nan,nan,nan,nan,nan,nan,nan,nan,nan,nan,nan,nan,nan,nan,nan,nan,nan,nan,nan,nan,nan,nan,nan,nan,nan,nan,nan,nan,nan,nan,nan,nan,nan,nan,nan,nan,nan,nan,nan,nan,nan,nan,nan,nan,nan,nan,-3.018882867787033319e+01,-1.038899803161621094e+02,-1.376848621368408203e+02,-1.001503829956054688e+02,nan,nan,nan,nan,nan,nan,nan,nan,nan,nan,nan,nan,nan,nan,nan,nan,nan,nan,nan,nan,nan,nan,nan,nan,nan,nan,nan,nan,nan,nan,nan,nan,nan,nan,nan,nan,nan,nan,nan,nan,nan,nan,nan,nan
nan,nan,nan,nan,nan,nan,nan,nan,nan,nan,nan,nan,nan,nan,nan,nan,nan,nan,nan,nan,nan,nan,nan,nan,nan,nan,nan,nan,nan,nan,nan,nan,nan,nan,nan,nan,nan,nan,nan,nan,nan,nan,nan,nan,nan,nan,nan,nan,nan,-2.214007604122161865e+01,nan,nan,nan,nan,nan,nan,nan,nan,nan,nan,nan,nan,nan,nan,nan,nan,nan,nan,nan,nan,nan,-8.196568107604980469e+01,-5.534182643890380859e+01,-1.246417570114135742e+02,-1.027266740798950195e+02,nan,nan,nan,nan,nan,nan,nan,nan,nan,nan,nan,nan,nan,nan,nan,nan,nan,nan,nan,nan,nan,nan,nan,nan,nan,nan,nan,nan,nan,nan,nan,nan,nan,nan,nan,nan,nan,nan,nan,nan,nan,nan,nan,nan
nan,nan,nan,nan,nan,nan,nan,nan,nan,nan,nan,nan,nan,nan,nan,nan,nan,nan,nan,nan,nan,nan,nan,nan,nan,nan,nan,nan,nan,nan,nan,nan,nan,nan,nan,nan,nan,nan,nan,nan,nan,nan,nan,nan,nan,nan,nan,-3.070882391929626465e+01,-6.332646131515502930e+00,-2.392361164093017578e+01,nan,nan,nan,nan,nan,nan,nan,nan,nan,nan,nan,nan,nan,nan,nan,nan,nan,nan,nan,nan,nan,nan,-6.363256883621215820e+01,-1.192380456924438477e+02,-1.125165290832519531e+02,nan,nan,nan,nan,nan,nan,nan,nan,nan,nan,nan,nan,nan,nan,nan,nan,nan,nan,nan,nan,nan,nan,nan,nan,nan,nan,nan,nan,nan,nan,nan,nan,nan,nan,nan,nan,nan,nan,nan,nan,nan,nan,nan,nan
nan,nan,nan,nan,nan,nan,nan,nan,nan,nan,nan,nan,nan,nan,nan,nan,nan,nan,nan,nan,nan,nan,nan,nan,nan,nan,nan,nan,nan,nan,nan,nan,nan,nan,nan,nan,nan,nan,nan,nan,nan,nan,nan,nan,nan,nan,-3.511181306838989258e+01,-4.968836212158203125e+01,-1.169325351715087891e+01,-6.192251205444335938e+00,nan,nan,nan,nan,nan,nan,nan,nan,nan,nan,nan,nan,nan,nan,nan,nan,nan,nan,nan,nan,nan,nan,nan,-8.836370849609375000e+01,-8.467880058288574219e+01,nan,nan,nan,nan,nan,nan,nan,nan,nan,nan,nan,nan,nan,nan,nan,nan,nan,nan,nan,nan,nan,nan,nan,nan,nan,nan,nan,nan,nan,nan,nan,nan,nan,nan,nan,nan,nan,nan,nan,nan,nan,nan,nan,nan
nan,nan,nan,nan,nan,nan,nan,nan,nan,nan,nan,nan,nan,nan,nan,nan,nan,nan,nan,nan,nan,nan,nan,nan,nan,nan,nan,nan,nan,nan,nan,nan,nan,nan,nan,nan,nan,nan,nan,nan,nan,nan,nan,nan,nan,-4.676099824905395508e+01,-4.477907538414001465e+01,-5.927509880065917969e+01,-3.737259531021118164e+01,-2.032779604196548462e+00,1.176722741127014160e+01,nan,nan,nan,nan,nan,nan,nan,nan,nan,nan,nan,nan,nan,nan,nan,nan,nan,nan,nan,nan,nan,nan,-7.075119972229003906e+01,-7.520153141021728516e+01,nan,nan,nan,nan,nan,nan,nan,nan,nan,nan,nan,nan,nan,nan,nan,nan,nan,nan,nan,nan,nan,nan,nan,nan,nan,nan,nan,nan,nan,nan,nan,nan,nan,nan,nan,nan,nan,nan,nan,nan,nan,nan,nan,nan
nan,nan,nan,nan,nan,nan,nan,nan,nan,nan,nan,nan,nan,nan,nan,nan,nan,nan,nan,nan,nan,nan,nan,nan,nan,nan,nan,nan,nan,nan,nan,nan,nan,nan,nan,nan,nan,nan,nan,nan,nan,nan,nan,nan,nan,nan,-6.112119007110595703e+01,-7.084045553207397461e+01,-3.653356242179870605e+01,-2.261037951707839966e+01,1.762191194295883179e+01,1.249116045609116554e+01,-1.144960755109786987e+01,nan,nan,nan,nan,nan,nan,nan,nan,nan,nan,nan,nan,nan,nan,nan,nan,nan,nan,nan,nan,-6.489354324340820312e+01,-5.932416820526123047e+01,nan,nan,nan,nan,nan,nan,nan,nan,nan,nan,nan,nan,nan,nan,nan,nan,nan,nan,nan,nan,nan,nan,nan,nan,nan,nan,nan,nan,nan,nan,nan,nan,nan,nan,nan,nan,nan,nan,nan,nan,nan,nan,nan,nan
nan,nan,nan,nan,nan,nan,nan,nan,nan,nan,nan,nan,nan,nan,nan,nan,nan,nan,nan,nan,nan,nan,nan,nan,nan,nan,nan,nan,nan,nan,nan,nan,nan,nan,nan,nan,nan,nan,nan,nan,nan,nan,nan,nan,nan,nan,-7.347085285186767578e+01,-6.849507856369018555e+01,-5.520516395568847656e+01,-1.964205890893936157e+01,-9.769063472747802734e+00,7.604992330074310303e+00,5.268676996231079102e+00,-7.402715682983398438e+00,nan,nan,nan,nan,nan,nan,nan,nan,nan,nan,nan,nan,nan,nan,nan,nan,nan,nan,nan,-6.342248153686523438e+01,-6.760835933685302734e+01,nan,nan,nan,nan,nan,nan,nan,nan,nan,nan,nan,nan,nan,nan,nan,nan,nan,nan,nan,nan,nan,nan,nan,nan,nan,nan,nan,nan,nan,nan,nan,nan,nan,nan,nan,nan,nan,nan,nan,nan,nan,nan,nan,nan
nan,nan,nan,nan,nan,nan,nan,nan,nan,nan,nan,nan,nan,nan,nan,nan,nan,nan,nan,nan,nan,nan,nan,nan,nan,nan,nan,nan,nan,nan,nan,nan,nan,nan,nan,nan,nan,nan,nan,nan,nan,nan,nan,nan,nan,nan,-7.667169857025146484e+01,-6.727990865707397461e+01,-5.546403884887695312e+01,-3.390675163269042969e+01,-2.646475720405578613e+01,-1.182936364412307739e+01,3.197028756141662598e+00,5.207542955875396729e+00,nan,nan,nan,nan,nan,nan,nan,nan,nan,nan,nan,nan,nan,nan,nan,nan,nan,nan,nan,-4.882234594225883484e+01,-3.706377172470092773e+01,nan,nan,nan,nan,nan,nan,nan,nan,nan,nan,nan,nan,nan,nan,nan,nan,nan,nan,nan,nan,nan,nan,nan,nan,nan,nan,nan,nan,nan,nan,nan,nan,nan,nan,nan,nan,nan,nan,nan,nan,nan,nan,nan,nan
nan,nan,nan,nan,nan,nan,nan,nan,nan,nan,nan,nan,nan,nan,nan,nan,nan,nan,nan,nan,nan,nan,nan,nan,nan,nan,nan,nan,nan,nan,nan,nan,nan,nan,nan,nan,nan,nan,nan,nan,nan,nan,nan,nan,nan,nan,-5.431099510192871094e+01,-6.980782127380371094e+01,-6.370971822738647461e+01,-3.976310604810714722e+01,-2.544894409179687500e+01,-1.389772224426269531e+01,4.449142932891845703e+00,6.487676024436950684e+00,nan,nan,nan,nan,nan,nan,nan,nan,nan,nan,nan,nan,nan,nan,nan,nan,nan,nan,nan,-6.082134532928466797e+01,-5.542269897460937500e+01,nan,nan,nan,nan,nan,nan,nan,nan,nan,nan,nan,nan,nan,nan,nan,nan,nan,nan,nan,nan,nan,nan,nan,nan,nan,nan,nan,nan,nan,nan,nan,nan,nan,nan,nan,nan,nan,nan,nan,nan,nan,nan,nan,nan
nan,nan,nan,nan,nan,nan,nan,nan,nan,nan,nan,nan,nan,nan,nan,nan,nan,nan,nan,nan,nan,nan,nan,nan,nan,nan,nan,nan,nan,nan,nan,nan,nan,nan,nan,nan,nan,nan,nan,nan,nan,nan,nan,nan,nan,nan,nan,-6.689288806915283203e+01,-7.297819137573242188e+01,-6.161751270294189453e+01,-2.968796873092651367e+01,-1.988951766490936279e+01,-3.010833263397216797e+00,2.478804588317871094e+00,nan,nan,nan,nan,nan,nan,nan,nan,nan,nan,nan,nan,nan,nan,nan,nan,nan,nan,nan,-5.132221317291259766e+01,-5.121811628341674805e+01,nan,nan,nan,nan,nan,nan,nan,nan,nan,nan,nan,nan,nan,nan,nan,nan,nan,nan,nan,nan,nan,nan,nan,nan,nan,nan,nan,nan,nan,nan,nan,nan,nan,nan,nan,nan,nan,nan,nan,nan,nan,nan,nan,nan
nan,nan,nan,nan,nan,nan,nan,nan,nan,nan,nan,nan,nan,nan,nan,nan,nan,nan,nan,nan,nan,nan,nan,nan,nan,nan,nan,nan,nan,nan,nan,nan,nan,nan,nan,nan,nan,nan,nan,nan,nan,nan,nan,nan,nan,nan,nan,-5.372074460983276367e+01,-7.668551635742187500e+01,-7.138770675659179688e+01,-3.118562602996826172e+01,-2.018725782632827759e+01,-4.649981021881103516e+00,-2.499077558517456055e+00,nan,nan,nan,nan,nan,nan,nan,nan,nan,nan,nan,nan,nan,nan,nan,nan,nan,nan,nan,nan,-5.220128107070922852e+01,nan,nan,nan,nan,nan,nan,nan,nan,nan,nan,nan,nan,nan,nan,nan,nan,nan,nan,nan,nan,nan,nan,nan,nan,nan,nan,nan,nan,nan,nan,nan,nan,nan,nan,nan,nan,nan,nan,nan,nan,nan,nan,nan,nan
nan,nan,nan,nan,nan,nan,nan,nan,nan,nan,nan,nan,nan,nan,nan,nan,nan,nan,nan,nan,nan,nan,nan,nan,nan,nan,nan,nan,nan,nan,nan,nan,nan,nan,nan,nan,nan,nan,nan,nan,nan,nan,nan,nan,nan,nan,nan,nan,-7.756123828887939453e+01,-7.101633167266845703e+01,-2.285623693466186523e+01,9.890441894531250000e-01,1.105006980895996094e+01,1.847580909729003906e+00,nan,nan,nan,nan,nan,nan,nan,nan,nan,nan,nan,nan,nan,nan,nan,nan,nan,nan,nan,nan,-5.172609329223632812e+01,nan,nan,nan,nan,nan,nan,nan,nan,nan,nan,nan,nan,nan,nan,nan,nan,nan,nan,nan,nan,nan,nan,nan,nan,nan,nan,nan,nan,nan,nan,nan,nan,nan,nan,nan,nan,nan,nan,nan,nan,nan,nan,nan,nan
nan,nan,nan,nan,nan,nan,nan,nan,nan,nan,nan,nan,nan,nan,nan,nan,nan,nan,nan,nan,nan,nan,nan,nan,nan,nan,nan,nan,nan,nan,nan,nan,nan,nan,nan,nan,nan,nan,-3.170791888236999512e+01,nan,nan,nan,nan,nan,nan,nan,nan,nan,-1.001972026824951172e+02,-6.970768213272094727e+01,-3.925481510162353516e+01,4.395511150360107422e+00,1.779682540893554688e+01,1.646953582763671875e+01,nan,nan,nan,nan,nan,nan,nan,nan,nan,nan,nan,nan,nan,nan,nan,nan,nan,nan,nan,nan,nan,nan,nan,nan,nan,nan,nan,nan,nan,nan,nan,nan,nan,nan,nan,nan,nan,nan,nan,nan,nan,nan,nan,nan,nan,nan,nan,nan,nan,nan,nan,nan,nan,nan,nan,nan,nan,nan,nan,nan,nan,nan,nan,nan,nan
nan,nan,nan,nan,nan,nan,nan,nan,nan,nan,nan,nan,nan,nan,nan,nan,nan,nan,nan,nan,nan,nan,nan,nan,nan,nan,nan,nan,nan,nan,nan,nan,nan,nan,nan,nan,nan,nan,-3.195690512657165527e+01,nan,nan,nan,nan,nan,nan,nan,nan,nan,-1.048731174468994141e+02,-8.210990841314196587e+01,-4.433494186401367188e+01,-9.198318958282470703e+00,1.644233703613281250e+01,3.014344072341918945e+01,nan,nan,nan,nan,nan,nan,nan,nan,nan,nan,nan,nan,nan,nan,nan,nan,nan,nan,nan,nan,nan,nan,nan,nan,nan,nan,nan,nan,nan,nan,nan,nan,nan,nan,nan,nan,nan,nan,nan,nan,nan,nan,nan,nan,nan,nan,nan,nan,nan,nan,nan,nan,nan,nan,nan,nan,nan,nan,nan,nan,nan,nan,nan,nan,nan
nan,nan,nan,nan,nan,nan,nan,nan,nan,nan,nan,nan,nan,nan,nan,nan,nan,nan,nan,nan,nan,nan,nan,nan,nan,nan,nan,nan,nan,nan,nan,nan,nan,nan,nan,nan,nan,-3.389308333396911621e+01,-3.176139259338378906e+01,nan,nan,nan,nan,nan,nan,nan,nan,nan,-8.372253417968750000e+01,-5.200566148757934570e+01,-2.519445037841796875e+01,-2.466942787170410156e+00,2.994044113159179688e+01,3.995998287200927734e+01,nan,nan,nan,nan,nan,nan,nan,nan,nan,nan,nan,nan,nan,nan,nan,nan,nan,nan,nan,nan,nan,nan,nan,nan,nan,nan,nan,nan,nan,nan,nan,nan,nan,nan,nan,nan,nan,nan,nan,nan,nan,nan,nan,nan,nan,nan,nan,nan,nan,nan,nan,nan,nan,nan,nan,nan,nan,nan,nan,nan,nan,nan,nan,nan,nan
nan,nan,nan,nan,nan,nan,nan,nan,nan,nan,nan,nan,nan,nan,nan,nan,nan,nan,nan,nan,nan,nan,nan,-7.716671085357666016e+01,-4.502550983428955078e+01,-4.273726654052734375e+01,-3.185242187976837158e+01,-3.429961419105529785e+01,-5.005874121189117432e+01,nan,nan,nan,nan,nan,nan,-3.278811812400817871e+01,-5.372548103332519531e+01,-3.168598461151123047e+01,-2.852085852622985840e+01,nan,nan,nan,nan,nan,nan,nan,nan,nan,-9.033818602561950684e+01,-7.059270858764648438e+01,-1.877576875686645508e+01,2.056113815307617188e+01,4.279586303234100342e+01,2.447751665115356445e+01,nan,nan,nan,nan,nan,nan,nan,nan,nan,nan,nan,nan,nan,nan,nan,nan,nan,nan,nan,nan,nan,nan,nan,nan,nan,nan,nan,nan,nan,nan,nan,nan,nan,nan,nan,nan,nan,nan,nan,nan,nan,nan,nan,nan,nan,nan,nan,nan,nan,nan,nan,nan,nan,nan,nan,nan,nan,nan,nan,nan,nan,nan,nan,nan,nan
nan,nan,nan,nan,nan,nan,nan,nan,nan,nan,nan,nan,nan,nan,nan,nan,nan,nan,nan,nan,nan,-1.019948968887329102e+02,-5.993636035919189453e+01,-5.694975805282592773e+01,-5.045280790328979492e+01,-4.213103580474853516e+01,-4.182629311084747314e+01,-3.896587368845939636e+01,-4.970654749870300293e+01,nan,nan,nan,nan,nan,nan,-3.304566621780395508e+01,-2.823888522386550903e+01,-1.575305247306823730e+01,-2.430882829427719116e+01,-3.100409317016601562e+01,-3.043943858146667480e+01,nan,nan,nan,nan,nan,nan,nan,-1.115344429016113281e+02,-9.660637283325195312e+01,-3.999731969833374023e+01,2.560165643692016602e+01,5.263122701644897461e+01,2.165020519495010376e+01,nan,nan,nan,nan,nan,nan,nan,nan,nan,nan,nan,nan,nan,nan,nan,nan,nan,nan,nan,nan,nan,nan,nan,nan,nan,nan,nan,nan,nan,nan,nan,nan,nan,nan,nan,nan,nan,nan,nan,nan,nan,nan,nan,nan,nan,nan,nan,nan,nan,nan,nan,nan,nan,nan,nan,nan,nan,nan,nan,nan,nan,nan,nan,nan,nan
nan,nan,nan,nan,nan,nan,nan,nan,nan,nan,nan,nan,nan,nan,nan,nan,nan,nan,nan,nan,-1.147655391693115234e+02,-1.327864894866943359e+02,-1.111338615417480469e+02,-9.005482101440429688e+01,-7.629061079025268555e+01,-6.222321364283561707e+01,-5.523760032653808594e+01,-4.380165243148803711e+01,-4.500114083290100098e+01,nan,nan,nan,nan,nan,nan,-3.250193858146667480e+01,-3.973782539367675781e+01,nan,-3.127690649032592773e+01,nan,nan,nan,nan,nan,nan,nan,nan,nan,-4.058124268054962158e+01,-1.025379676818847656e+02,-5.287137413024902344e+01,2.650717735290527344e+01,6.995905387401580811e+01,1.733096265792846680e+01,nan,nan,nan,nan,nan,nan,nan,nan,nan,nan,nan,nan,nan,nan,nan,nan,nan,nan,nan,nan,nan,nan,nan,nan,nan,nan,nan,nan,nan,nan,nan,nan,nan,nan,nan,nan,nan,nan,nan,nan,nan,nan,nan,nan,nan,nan,nan,nan,nan,nan,nan,nan,nan,nan,nan,nan,nan,nan,nan,nan,nan,nan,nan,nan,nan
nan,nan,nan,nan,nan,nan,nan,nan,nan,nan,nan,nan,nan,nan,nan,nan,nan,nan,nan,nan,-1.781328048706054688e+02,-1.382926216125488281e+02,-1.153821668624877930e+02,-1.032527027130126953e+02,-7.938968539237976074e+01,-6.815727782249450684e+01,-5.802372455596923828e+01,-5.677754688262939453e+01,-4.634801447391510010e+01,-5.497681784629821777e+01,nan,nan,nan,nan,nan,-3.239434599876403809e+01,nan,nan,nan,nan,nan,nan,nan,nan,nan,nan,nan,nan,nan,-9.300954151153564453e+01,-7.878180313110351562e+01,-2.106149840354919434e+01,4.753747534751892090e+01,3.427534103393554688e+01,nan,nan,nan,nan,nan,nan,nan,nan,nan,nan,nan,nan,nan,nan,nan,nan,nan,nan,nan,nan,nan,nan,nan,nan,nan,nan,nan,nan,nan,nan,nan,nan,nan,nan,nan,nan,nan,nan,nan,nan,nan,nan,nan,nan,nan,nan,nan,nan,nan,nan,nan,nan,nan,nan,nan,nan,nan,nan,nan,nan,nan,nan,nan,nan,nan
nan,nan,nan,nan,nan,nan,nan,nan,nan,nan,nan,nan,nan,nan,nan,nan,nan,nan,nan,nan,-1.641218032836914062e+02,-1.451840248107910156e+02,-1.270092124938964844e+02,-1.159511547088623047e+02,-9.458910751342773438e+01,-7.758060932159423828e+01,-6.426980400085449219e+01,-5.051825666427612305e+01,-4.871652507781982422e+01,nan,nan,nan,nan,nan,nan,nan,nan,nan,nan,nan,nan,nan,nan,nan,nan,nan,nan,nan,nan,nan,-6.665246987342834473e+01,4.382931709289550781e+00,1.797012662887573242e+01,5.217514038085937500e+00,nan,nan,nan,nan,nan,nan,nan,nan,nan,nan,nan,nan,nan,nan,nan,nan,nan,nan,nan,nan,nan,nan,nan,nan,nan,nan,nan,nan,nan,nan,nan,nan,nan,nan,nan,nan,nan,nan,nan,nan,nan,nan,nan,nan,nan,nan,nan,nan,nan,nan,nan,nan,nan,nan,nan,nan,nan,nan,nan,nan,nan,nan,nan,nan,nan
nan,nan,nan,nan,nan,nan,nan,nan,nan,nan,nan,nan,nan,nan,nan,nan,nan,nan,nan,-1.310486888885498047e+02,-1.394079380035400391e+02,-1.472655029296875000e+02,-1.272367820739746094e+02,-1.152560319900512695e+02,-1.057810053825378418e+02,-9.347735762596130371e+01,-7.689264550805091858e+01,-6.029639196395874023e+01,-4.277713203430175781e+01,nan,nan,nan,-5.039418146014213562e+01,-4.027099227905273438e+01,nan,nan,nan,nan,nan,nan,nan,nan,nan,nan,nan,nan,nan,nan,nan,nan,-4.492403495311737061e+01,-4.745013236999511719e+00,-2.299666118621826172e+01,-1.975464534759521484e+01,nan,nan,nan,nan,nan,nan,nan,nan,nan,nan,nan,nan,nan,nan,nan,nan,nan,nan,nan,nan,nan,nan,nan,nan,nan,nan,nan,nan,nan,nan,nan,nan,nan,nan,nan,nan,nan,nan,nan,nan,nan,nan,nan,nan,nan,nan,nan,nan,nan,nan,nan,nan,nan,nan,nan,nan,nan,nan,nan,nan,nan,nan,nan,nan,nan
nan,nan,nan,nan,nan,nan,nan,nan,nan,nan,nan,nan,nan,nan,nan,nan,nan,nan,nan,nan,-1.099665708541870117e+02,-1.222298240661621094e+02,-1.081282390356063843e+02,-1.112547727823257446e+02,-1.011676688194274902e+02,-8.503914356231689453e+01,-8.103341674804687500e+01,-5.535868883132934570e+01,-4.891308259963989258e+01,-3.929358291625976562e+01,-6.637114965915679932e+01,nan,nan,nan,nan,nan,nan,-3.973782539367675781e+01,nan,nan,nan,nan,nan,nan,nan,nan,nan,nan,nan,nan,7.336288332939147949e+00,-2.877318382263183594e+00,-4.557074546813964844e+00,-3.980454206466674805e+00,nan,nan,nan,nan,nan,nan,nan,nan,nan,nan,nan,nan,nan,nan,nan,nan,nan,nan,nan,nan,nan,nan,nan,nan,nan,nan,nan,nan,nan,nan,nan,nan,nan,nan,nan,nan,nan,nan,nan,nan,nan,nan,nan,nan,nan,nan,nan,nan,nan,nan,nan,nan,nan,nan,nan,nan,nan,nan,nan,nan,nan,nan,nan,nan,nan
nan,nan,nan,nan,nan,nan,nan,nan,nan,nan,nan,nan,nan,nan,nan,nan,nan,nan,nan,nan,-1.123090448379516602e+02,-1.368206167221069336e+02,-1.272690458297729492e+02,-1.278606014251708984e+02,-9.671690702438354492e+01,-8.037982106208801270e+01,-8.669188606739044189e+01,-8.114443778991699219e+01,-6.670887994766235352e+01,-5.267640852928161621e+01,-5.837622332572937012e+01,nan,nan,nan,nan,nan,nan,nan,nan,nan,nan,nan,nan,nan,nan,nan,nan,nan,nan,-1.897441932559013367e+01,-2.163136935234069824e+01,nan,nan,nan,nan,nan,nan,nan,nan,nan,nan,nan,nan,nan,nan,nan,nan,nan,nan,nan,nan,nan,nan,nan,nan,nan,nan,nan,nan,nan,nan,nan,nan,nan,nan,nan,nan,nan,nan,nan,nan,nan,nan,nan,nan,nan,nan,nan,nan,nan,nan,nan,nan,nan,nan,nan,nan,nan,nan,nan,nan,nan,nan,nan,nan,nan,nan,nan,nan
nan,nan,nan,nan,nan,nan,nan,nan,nan,nan,nan,nan,nan,nan,nan,nan,nan,nan,nan,nan,-1.325275764465332031e+02,-1.613939285278320312e+02,-1.598046436309814453e+02,-1.277053442001342773e+02,-9.926827239990234375e+01,-1.014404563903808594e+02,-1.060568542480468750e+02,-1.030255107879638672e+02,-8.414019298553466797e+01,-7.165101039409637451e+01,-7.642658567428588867e+01,nan,-3.093311882019042969e+01,nan,nan,nan,nan,nan,nan,nan,nan,nan,nan,nan,nan,nan,nan,nan,-2.359740123152732849e+01,-2.073355871438980103e+01,-5.218636989593505859e+00,nan,nan,nan,nan,nan,nan,nan,nan,nan,nan,nan,nan,nan,nan,nan,nan,nan,nan,nan,nan,nan,nan,nan,nan,nan,nan,nan,nan,nan,nan,nan,nan,nan,nan,nan,nan,nan,nan,nan,nan,nan,nan,nan,nan,nan,nan,nan,nan,nan,nan,nan,nan,nan,nan,nan,nan,nan,nan,nan,nan,nan,nan,nan,nan,nan,nan,nan,nan
nan,nan,nan,nan,nan,nan,nan,nan,nan,nan,nan,nan,nan,nan,nan,nan,nan,nan,nan,nan,nan,-1.666966056823730469e+02,-1.740202312469482422e+02,-1.357896175384521484e+02,-1.182573213577270508e+02,-1.176229591369628906e+02,-1.250259265899658203e+02,-1.029900507926940918e+02,-7.783839735388755798e+01,nan,nan,nan,nan,nan,nan,nan,nan,nan,nan,nan,nan,nan,nan,nan,nan,nan,-3.606789779663085938e+01,-1.030261528491973877e+01,-2.374474525451660156e+01,-3.852384328842163086e+01,nan,nan,nan,nan,nan,nan,nan,nan,nan,nan,nan,nan,nan,nan,nan,nan,nan,nan,nan,nan,nan,nan,nan,nan,nan,nan,nan,nan,nan,nan,nan,nan,nan,nan,nan,nan,nan,nan,nan,nan,nan,nan,nan,nan,nan,nan,nan,nan,nan,nan,nan,nan,nan,nan,nan,nan,nan,nan,nan,nan,nan,nan,nan,nan,nan,nan,nan,nan,nan
nan,nan,nan,nan,nan,nan,nan,nan,nan,nan,nan,nan,nan,nan,nan,nan,nan,nan,nan,nan,nan,-1.678233013153076172e+02,-1.562961769104003906e+02,-1.301038227081298828e+02,-1.185093088150024414e+02,-1.202235927581787109e+02,-1.263742694854736328e+02,-1.033566970825195312e+02,-8.242495536804199219e+01,nan,nan,nan,nan,nan,nan,nan,nan,nan,nan,nan,nan,nan,nan,nan,nan,nan,-4.881377935409545898e+01,-4.714365243911743164e+01,-1.742901420593261719e+01,nan,nan,nan,nan,nan,nan,nan,nan,nan,nan,nan,nan,nan,nan,nan,nan,nan,nan,nan,nan,nan,nan,nan,nan,nan,nan,nan,nan,nan,nan,nan,nan,nan,nan,nan,nan,nan,nan,nan,nan,nan,nan,nan,nan,nan,nan,nan,nan,nan,nan,nan,nan,nan,nan,nan,nan,nan,nan,nan,nan,nan,nan,nan,nan,nan,nan,nan,nan,nan,nan
nan,nan,nan,nan,nan,nan,nan,nan,nan,nan,nan,nan,nan,nan,nan,nan,nan,nan,nan,nan,nan,-1.527744789123535156e+02,-1.375567235946655273e+02,-1.152908449172973633e+02,-1.042707166671752930e+02,-1.212540254592895508e+02,-1.286338062286376953e+02,-9.943421840667724609e+01,-9.963378047943115234e+01,nan,nan,nan,nan,nan,nan,nan,nan,nan,nan,nan,nan,nan,nan,nan,nan,nan,-5.489360237121582031e+01,-4.300206422805786133e+01,nan,nan,nan,nan,nan,nan,nan,nan,nan,nan,nan,nan,nan,nan,nan,nan,nan,nan,nan,nan,nan,nan,nan,nan,nan,nan,nan,nan,nan,nan,nan,nan,nan,nan,nan,nan,nan,nan,nan,nan,nan,nan,nan,nan,nan,nan,nan,nan,nan,nan,nan,nan,nan,nan,nan,nan,nan,nan,nan,nan,nan,nan,nan,nan,nan,nan,nan,nan,nan,nan,nan
nan,nan,nan,nan,nan,nan,nan,nan,nan,nan,nan,nan,nan,nan,nan,nan,nan,nan,nan,nan,nan,-1.274634246826171875e+02,-1.153446979522705078e+02,-1.186244316101074219e+02,-1.074827108383178711e+02,-1.021309633255004883e+02,-1.004615259170532227e+02,-1.075978355407714844e+02,-3.627653503417968750e+01,nan,nan,nan,nan,nan,nan,nan,nan,nan,nan,nan,nan,nan,nan,nan,nan,-3.883536791801452637e+01,-5.008094406127929688e+01,-1.028726482391357422e+01,nan,nan,nan,nan,nan,nan,nan,nan,nan,nan,nan,nan,nan,nan,nan,nan,nan,nan,nan,nan,nan,nan,nan,nan,nan,nan,nan,nan,nan,nan,nan,nan,nan,nan,nan,nan,nan,nan,nan,nan,nan,nan,nan,nan,nan,nan,nan,nan,nan,nan,nan,nan,nan,nan,nan,nan,nan,nan,nan,nan,nan,nan,nan,nan,nan,nan,nan,nan,nan,nan,nan
nan,nan,nan,nan,nan,nan,nan,nan,nan,nan,nan,nan,nan,nan,nan,nan,nan,nan,nan,nan,nan,nan,-1.284381408691406250e+02,-1.190019531250000000e+02,-9.540835952758789062e+01,-8.665145301818847656e+01,-9.251540243625640869e+01,nan,nan,nan,nan,nan,nan,nan,nan,nan,nan,nan,nan,nan,nan,-1.730617976188659668e+01,nan,nan,-4.190925884246826172e+01,-3.467746627330780029e+01,-4.140897703170776367e+01,nan,nan,nan,nan,nan,nan,nan,nan,nan,nan,nan,nan,nan,nan,nan,nan,nan,nan,nan,nan,nan,nan,nan,nan,nan,nan,nan,nan,nan,nan,nan,nan,nan,nan,nan,nan,nan,nan,nan,nan,nan,nan,nan,nan,nan,nan,nan,nan,nan,nan,nan,nan,nan,nan,nan,nan,nan,nan,nan,nan,nan,nan,nan,nan,nan,nan,nan,nan,nan,nan,nan,nan
nan,nan,nan,nan,nan,nan,nan,nan,nan,nan,nan,nan,nan,nan,nan,nan,nan,nan,nan,nan,nan,nan,nan,-8.573563313484191895e+01,-1.318481407165527344e+02,-1.005087623596191406e+02,nan,nan,nan,nan,nan,nan,nan,nan,nan,nan,nan,nan,nan,nan,nan,nan,nan,nan,nan,-2.577900505065917969e+01,nan,nan,nan,nan,nan,nan,nan,nan,nan,nan,nan,nan,nan,nan,nan,nan,nan,nan,nan,nan,nan,nan,nan,nan,nan,nan,nan,nan,nan,nan,nan,nan,nan,nan,nan,nan,nan,nan,nan,nan,nan,nan,nan,nan,nan,nan,nan,nan,nan,nan,nan,nan,nan,nan,nan,nan,nan,nan,nan,nan,nan,nan,nan,nan,nan,nan,nan,nan,nan,nan,nan,nan,nan
nan,nan,nan,nan,nan,nan,nan,nan,nan,nan,nan,nan,nan,nan,nan,nan,nan,nan,nan,nan,nan,nan,nan,nan,-1.098544855117797852e+02,nan,nan,nan,nan,nan,nan,nan,nan,nan,nan,nan,nan,nan,nan,nan,nan,nan,nan,nan,nan,nan,nan,nan,nan,nan,nan,nan,nan,nan,nan,nan,nan,nan,nan,nan,nan,nan,nan,nan,nan,nan,nan,nan,nan,nan,nan,nan,nan,nan,nan,nan,nan,nan,nan,nan,nan,nan,nan,nan,nan,nan,nan,nan,nan,nan,nan,nan,nan,nan,nan,nan,nan,nan,nan,nan,nan,nan,nan,nan,nan,nan,nan,nan,nan,nan,nan,nan,nan,nan,nan,nan,nan,nan,nan
nan,nan,nan,nan,nan,nan,nan,nan,nan,nan,nan,nan,nan,nan,nan,nan,nan,nan,nan,nan,nan,nan,nan,nan,-1.056984863281250000e+02,nan,nan,nan,nan,nan,nan,nan,nan,nan,nan,nan,nan,nan,nan,nan,nan,nan,nan,nan,nan,nan,nan,nan,nan,nan,nan,nan,nan,nan,nan,nan,nan,nan,nan,nan,nan,nan,nan,nan,nan,nan,nan,nan,nan,nan,nan,nan,nan,nan,nan,nan,nan,nan,nan,nan,nan,nan,nan,nan,nan,nan,nan,nan,nan,nan,nan,nan,nan,nan,nan,nan,nan,nan,nan,nan,nan,nan,nan,nan,nan,nan,nan,nan,nan,nan,nan,nan,nan,nan,nan,nan,nan,nan,nan
nan,nan,nan,nan,nan,nan,nan,nan,nan,nan,nan,nan,nan,nan,nan,nan,nan,nan,nan,nan,nan,nan,nan,-1.052223930358886719e+02,nan,nan,nan,nan,nan,nan,nan,nan,nan,nan,nan,nan,nan,nan,nan,nan,nan,nan,nan,nan,nan,nan,nan,nan,nan,nan,nan,nan,nan,nan,nan,nan,nan,nan,nan,nan,nan,nan,nan,nan,nan,nan,nan,nan,nan,nan,nan,nan,nan,nan,nan,nan,nan,nan,nan,nan,nan,nan,nan,nan,nan,nan,nan,nan,nan,nan,nan,nan,nan,nan,nan,nan,nan,nan,nan,nan,nan,nan,nan,nan,nan,nan,nan,nan,nan,nan,nan,nan,nan,nan,nan,nan,nan,nan,nan
nan,nan,nan,nan,nan,nan,nan,nan,nan,nan,nan,nan,nan,nan,nan,nan,nan,nan,nan,nan,nan,nan,-1.049284687042236328e+02,-1.056123981475830078e+02,nan,nan,nan,nan,nan,nan,nan,nan,nan,nan,nan,nan,nan,nan,nan,nan,nan,nan,nan,nan,nan,nan,nan,nan,nan,nan,nan,nan,nan,nan,nan,nan,nan,nan,nan,nan,nan,nan,nan,nan,nan,nan,nan,nan,nan,nan,nan,nan,nan,nan,nan,nan,nan,nan,nan,nan,nan,nan,nan,nan,nan,nan,nan,nan,nan,nan,nan,nan,nan,nan,nan,nan,nan,nan,nan,nan,nan,nan,nan,nan,nan,nan,nan,nan,nan,nan,nan,nan,nan,nan,nan,nan,nan,nan,nan
nan,nan,nan,nan,nan,nan,nan,nan,nan,nan,nan,nan,nan,nan,nan,nan,nan,nan,nan,nan,nan,nan,nan,nan,nan,nan,nan,nan,nan,nan,nan,nan,nan,nan,nan,nan,nan,nan,nan,nan,nan,nan,nan,nan,nan,nan,nan,nan,nan,nan,nan,nan,nan,nan,nan,nan,nan,nan,nan,nan,nan,nan,nan,nan,nan,nan,nan,nan,nan,nan,nan,nan,nan,nan,nan,nan,nan,nan,nan,nan,nan,nan,nan,nan,nan,nan,nan,nan,nan,nan,nan,nan,nan,nan,nan,nan,nan,nan,nan,nan,nan,nan,nan,nan,nan,nan,nan,nan,nan,nan,nan,nan,nan,nan,nan,nan,nan,nan,nan
nan,nan,nan,nan,nan,nan,nan,nan,nan,nan,nan,nan,nan,nan,nan,nan,nan,nan,nan,nan,nan,nan,nan,nan,nan,nan,nan,nan,nan,nan,nan,nan,nan,nan,nan,nan,nan,nan,nan,nan,nan,nan,nan,nan,nan,nan,nan,nan,nan,nan,nan,nan,nan,nan,nan,nan,nan,nan,nan,nan,nan,nan,nan,nan,nan,nan,nan,nan,nan,nan,nan,nan,nan,nan,nan,nan,nan,nan,nan,nan,nan,nan,nan,nan,nan,nan,nan,nan,nan,nan,nan,nan,nan,nan,nan,nan,nan,nan,nan,nan,nan,nan,nan,nan,nan,nan,nan,nan,nan,nan,nan,nan,nan,nan,nan,nan,nan,nan,nan
nan,nan,nan,nan,nan,nan,nan,nan,nan,nan,nan,nan,nan,nan,nan,nan,nan,nan,nan,nan,nan,nan,nan,nan,nan,nan,nan,nan,nan,nan,nan,nan,nan,nan,nan,nan,nan,nan,nan,nan,nan,nan,nan,nan,nan,nan,nan,nan,nan,nan,nan,nan,nan,nan,nan,nan,nan,nan,nan,nan,nan,nan,nan,nan,nan,nan,nan,nan,nan,nan,nan,nan,nan,nan,nan,nan,nan,nan,nan,nan,nan,nan,nan,nan,nan,nan,nan,nan,nan,nan,nan,nan,nan,nan,nan,nan,nan,nan,nan,nan,nan,nan,nan,nan,nan,nan,nan,nan,nan,nan,nan,nan,nan,nan,nan,nan,nan,nan,nan
nan,nan,nan,nan,nan,nan,nan,nan,nan,nan,nan,nan,nan,nan,nan,nan,nan,nan,nan,nan,nan,nan,nan,nan,nan,nan,nan,nan,nan,nan,nan,nan,nan,nan,nan,nan,nan,nan,nan,nan,nan,nan,nan,nan,nan,nan,nan,nan,nan,nan,nan,nan,nan,nan,nan,nan,nan,nan,nan,nan,nan,nan,nan,nan,nan,nan,nan,nan,nan,nan,nan,nan,nan,nan,nan,nan,nan,nan,nan,nan,nan,nan,nan,nan,nan,nan,nan,nan,nan,nan,nan,nan,nan,nan,nan,nan,nan,nan,nan,nan,nan,nan,nan,nan,nan,nan,nan,nan,nan,nan,nan,nan,nan,nan,nan,nan,nan,nan,nan
nan,nan,nan,nan,nan,nan,nan,nan,nan,nan,nan,nan,nan,nan,nan,nan,nan,nan,nan,nan,nan,nan,nan,nan,nan,nan,nan,nan,nan,nan,nan,nan,nan,nan,nan,nan,nan,nan,nan,nan,nan,nan,nan,nan,nan,nan,nan,nan,nan,nan,nan,nan,nan,nan,nan,nan,nan,nan,nan,nan,nan,nan,nan,nan,nan,nan,nan,nan,nan,nan,nan,nan,nan,nan,nan,nan,nan,nan,nan,nan,nan,nan,nan,nan,nan,nan,nan,nan,nan,nan,nan,nan,nan,nan,nan,nan,nan,nan,nan,nan,nan,nan,nan,nan,nan,nan,nan,nan,nan,nan,nan,nan,nan,nan,nan,nan,nan,nan,nan
nan,nan,nan,nan,nan,nan,nan,nan,nan,nan,nan,nan,nan,nan,nan,nan,nan,nan,nan,nan,nan,nan,nan,nan,nan,nan,nan,nan,nan,nan,nan,nan,nan,nan,nan,nan,nan,nan,nan,nan,nan,nan,nan,nan,nan,nan,nan,nan,nan,nan,nan,nan,nan,nan,nan,nan,nan,nan,nan,nan,nan,nan,nan,nan,nan,nan,nan,nan,nan,nan,nan,nan,nan,nan,nan,nan,nan,nan,nan,nan,nan,nan,nan,nan,nan,nan,nan,nan,nan,nan,nan,nan,nan,nan,nan,nan,nan,nan,nan,nan,nan,nan,nan,nan,nan,nan,nan,nan,nan,nan,nan,nan,nan,nan,nan,nan,nan,nan,nan
nan,nan,nan,nan,nan,nan,nan,nan,nan,nan,nan,nan,nan,nan,nan,nan,nan,nan,nan,nan,nan,nan,nan,nan,nan,nan,nan,nan,nan,nan,nan,nan,nan,nan,nan,nan,nan,nan,nan,nan,nan,nan,nan,nan,nan,nan,nan,nan,nan,nan,nan,nan,nan,nan,nan,nan,nan,nan,nan,nan,nan,nan,nan,nan,nan,nan,nan,nan,nan,nan,nan,nan,nan,nan,nan,nan,nan,nan,nan,nan,nan,nan,nan,nan,nan,nan,nan,nan,nan,nan,nan,nan,nan,nan,nan,nan,nan,nan,nan,nan,nan,nan,nan,nan,nan,nan,nan,nan,nan,nan,nan,nan,nan,nan,nan,nan,nan,nan,nan
nan,nan,nan,nan,nan,nan,nan,nan,nan,nan,nan,nan,nan,nan,nan,nan,nan,nan,nan,nan,nan,nan,nan,nan,nan,nan,nan,nan,nan,nan,nan,nan,nan,nan,nan,nan,nan,nan,nan,nan,nan,nan,nan,nan,nan,nan,nan,nan,nan,nan,nan,nan,nan,nan,nan,nan,nan,nan,nan,nan,nan,nan,nan,nan,nan,nan,nan,nan,nan,nan,nan,nan,nan,nan,nan,nan,nan,nan,nan,nan,nan,nan,nan,nan,nan,nan,nan,nan,nan,nan,nan,nan,nan,nan,nan,nan,nan,nan,nan,nan,nan,nan,nan,nan,nan,nan,nan,nan,nan,nan,nan,nan,nan,nan,nan,nan,nan,nan,nan
nan,nan,nan,nan,nan,nan,nan,nan,nan,nan,nan,nan,nan,nan,nan,nan,nan,nan,nan,nan,nan,nan,nan,nan,nan,nan,nan,nan,nan,nan,nan,nan,nan,nan,nan,nan,nan,nan,nan,nan,nan,nan,nan,nan,nan,nan,nan,nan,nan,nan,nan,nan,nan,nan,nan,nan,nan,nan,nan,nan,nan,nan,nan,nan,nan,nan,nan,nan,nan,nan,nan,nan,nan,nan,nan,nan,nan,nan,nan,nan,nan,nan,nan,nan,nan,nan,nan,nan,nan,nan,nan,nan,nan,nan,nan,nan,nan,nan,nan,nan,nan,nan,nan,nan,nan,nan,nan,nan,nan,nan,nan,nan,nan,nan,nan,nan,nan,nan,nan
nan,nan,nan,nan,nan,nan,nan,nan,nan,nan,nan,nan,nan,nan,nan,nan,nan,nan,nan,nan,nan,nan,nan,nan,nan,nan,nan,nan,nan,nan,nan,nan,nan,nan,nan,nan,nan,nan,nan,nan,nan,nan,nan,nan,nan,nan,nan,nan,nan,nan,nan,nan,nan,nan,nan,nan,nan,nan,nan,nan,nan,nan,nan,nan,nan,nan,nan,nan,nan,nan,nan,nan,nan,nan,nan,nan,nan,nan,nan,nan,nan,nan,nan,nan,nan,nan,nan,nan,nan,nan,nan,nan,nan,nan,nan,nan,nan,nan,nan,nan,nan,nan,nan,nan,nan,nan,nan,nan,nan,nan,nan,nan,nan,nan,nan,nan,nan,nan,nan
nan,nan,nan,nan,nan,nan,nan,nan,nan,nan,nan,nan,nan,nan,nan,nan,nan,nan,nan,nan,nan,nan,nan,nan,nan,nan,nan,nan,nan,nan,nan,nan,nan,nan,nan,nan,nan,nan,nan,nan,nan,nan,nan,nan,nan,nan,nan,nan,nan,nan,nan,nan,nan,nan,nan,nan,nan,nan,nan,nan,nan,nan,nan,nan,nan,nan,nan,nan,nan,nan,nan,nan,nan,nan,nan,nan,nan,nan,nan,nan,nan,nan,nan,nan,nan,nan,nan,nan,nan,nan,nan,nan,nan,nan,nan,nan,nan,nan,nan,nan,nan,nan,nan,nan,nan,nan,nan,nan,nan,nan,nan,nan,nan,nan,nan,nan,nan,nan,nan
nan,nan,nan,nan,nan,nan,nan,nan,nan,nan,nan,nan,nan,nan,nan,nan,nan,nan,nan,nan,nan,nan,nan,nan,nan,nan,nan,nan,nan,nan,nan,nan,nan,nan,nan,nan,nan,nan,nan,nan,nan,nan,nan,nan,nan,nan,nan,nan,nan,nan,nan,nan,nan,nan,nan,nan,nan,nan,nan,nan,nan,nan,nan,nan,nan,nan,nan,nan,nan,nan,nan,nan,nan,nan,nan,nan,nan,nan,nan,nan,nan,nan,nan,nan,nan,nan,nan,nan,nan,nan,nan,nan,nan,nan,nan,nan,nan,nan,nan,nan,nan,nan,nan,nan,nan,nan,nan,nan,nan,nan,nan,nan,nan,nan,nan,nan,nan,nan,nan
nan,nan,nan,nan,nan,nan,nan,nan,nan,nan,nan,nan,nan,nan,nan,nan,nan,nan,nan,nan,nan,nan,nan,nan,nan,nan,nan,nan,nan,nan,nan,nan,nan,nan,nan,nan,nan,nan,nan,nan,nan,nan,nan,nan,nan,nan,nan,nan,nan,nan,nan,nan,nan,nan,nan,nan,nan,nan,nan,nan,nan,nan,nan,nan,nan,nan,nan,nan,nan,nan,nan,nan,nan,nan,nan,nan,nan,nan,nan,nan,nan,nan,nan,nan,nan,nan,nan,nan,nan,nan,nan,nan,nan,nan,nan,nan,nan,nan,nan,nan,nan,nan,nan,nan,nan,nan,nan,nan,nan,nan,nan,nan,nan,nan,nan,nan,nan,nan,nan
nan,nan,nan,nan,nan,nan,nan,nan,nan,nan,nan,nan,nan,nan,nan,nan,nan,nan,nan,nan,nan,nan,nan,nan,nan,nan,nan,nan,nan,nan,nan,nan,nan,nan,nan,nan,nan,nan,nan,nan,nan,nan,nan,nan,nan,nan,nan,nan,nan,nan,nan,nan,nan,nan,nan,nan,nan,nan,nan,nan,nan,nan,nan,nan,nan,nan,nan,nan,nan,nan,nan,nan,nan,nan,nan,nan,nan,nan,nan,nan,nan,nan,nan,nan,nan,nan,nan,nan,nan,nan,nan,nan,nan,nan,nan,nan,nan,nan,nan,nan,nan,nan,nan,nan,nan,nan,nan,nan,nan,nan,nan,nan,nan,nan,nan,nan,nan,nan,nan
nan,nan,nan,nan,nan,nan,nan,nan,nan,nan,nan,nan,nan,nan,nan,nan,nan,nan,nan,nan,nan,nan,nan,nan,nan,nan,nan,nan,nan,nan,nan,nan,nan,nan,nan,nan,nan,nan,nan,nan,nan,nan,nan,nan,nan,nan,nan,nan,nan,nan,nan,nan,nan,nan,nan,nan,nan,nan,nan,nan,nan,nan,nan,nan,nan,nan,nan,nan,nan,nan,nan,nan,nan,nan,nan,nan,nan,nan,nan,nan,nan,nan,nan,nan,nan,nan,nan,nan,nan,nan,nan,nan,nan,nan,nan,nan,nan,nan,nan,nan,nan,nan,nan,nan,nan,nan,nan,nan,nan,nan,nan,nan,nan,nan,nan,nan,nan,nan,nan
nan,nan,nan,nan,nan,nan,nan,nan,nan,nan,nan,nan,nan,nan,nan,nan,nan,nan,nan,nan,nan,nan,nan,nan,nan,nan,nan,nan,nan,nan,nan,nan,nan,nan,nan,nan,nan,nan,nan,nan,nan,nan,nan,nan,nan,nan,nan,nan,nan,nan,nan,nan,nan,nan,nan,nan,nan,nan,nan,nan,nan,nan,nan,nan,nan,nan,nan,nan,nan,nan,nan,nan,nan,nan,nan,nan,nan,nan,nan,nan,nan,nan,nan,nan,nan,nan,nan,nan,nan,nan,nan,nan,nan,nan,nan,nan,nan,nan,nan,nan,nan,nan,nan,nan,nan,nan,nan,nan,nan,nan,nan,nan,nan,nan,nan,nan,nan,nan,nan
nan,nan,nan,nan,nan,nan,nan,nan,nan,nan,nan,nan,nan,nan,nan,nan,nan,nan,nan,nan,nan,nan,nan,nan,nan,nan,nan,nan,nan,nan,nan,nan,nan,nan,nan,nan,nan,nan,nan,nan,nan,nan,nan,nan,nan,nan,nan,nan,nan,nan,nan,nan,nan,nan,nan,nan,nan,nan,nan,nan,nan,nan,nan,nan,nan,nan,nan,nan,nan,nan,nan,nan,nan,nan,nan,nan,nan,nan,nan,nan,nan,nan,nan,nan,nan,nan,nan,nan,nan,nan,nan,nan,nan,nan,nan,nan,nan,nan,nan,nan,nan,nan,nan,nan,nan,nan,nan,nan,nan,nan,nan,nan,nan,nan,nan,nan,nan,nan,nan
nan,nan,nan,nan,nan,nan,nan,nan,nan,nan,nan,nan,nan,nan,nan,nan,nan,nan,nan,nan,nan,nan,nan,nan,nan,nan,nan,nan,nan,nan,nan,nan,nan,nan,nan,nan,nan,nan,nan,nan,nan,nan,nan,nan,nan,nan,nan,nan,nan,nan,nan,nan,nan,nan,nan,nan,nan,nan,nan,nan,nan,nan,nan,nan,nan,nan,nan,nan,nan,nan,nan,nan,nan,nan,nan,nan,nan,nan,nan,nan,nan,nan,nan,nan,nan,nan,nan,nan,nan,nan,nan,nan,nan,nan,nan,nan,nan,nan,nan,nan,nan,nan,nan,nan,nan,nan,nan,nan,nan,nan,nan,nan,nan,nan,nan,nan,nan,nan,nan
nan,nan,nan,nan,nan,nan,nan,nan,nan,nan,nan,nan,nan,nan,nan,nan,nan,nan,nan,nan,nan,nan,nan,nan,nan,nan,nan,nan,nan,nan,nan,nan,nan,nan,nan,nan,nan,nan,nan,nan,nan,nan,nan,nan,nan,nan,nan,nan,nan,nan,nan,nan,nan,nan,nan,nan,nan,nan,nan,nan,nan,nan,nan,nan,nan,nan,nan,nan,nan,nan,nan,nan,nan,nan,nan,nan,nan,nan,nan,nan,nan,nan,nan,nan,nan,nan,nan,nan,nan,nan,nan,nan,nan,nan,nan,nan,nan,nan,nan,nan,nan,nan,nan,nan,nan,nan,nan,nan,nan,nan,nan,nan,nan,nan,nan,nan,nan,nan,nan
nan,nan,nan,nan,nan,nan,nan,nan,nan,nan,nan,nan,nan,nan,nan,nan,nan,nan,nan,nan,nan,nan,nan,nan,nan,nan,nan,nan,nan,nan,nan,nan,nan,nan,nan,nan,nan,nan,nan,nan,nan,nan,nan,nan,nan,nan,nan,nan,nan,nan,nan,nan,nan,nan,nan,nan,nan,nan,nan,nan,nan,nan,nan,nan,nan,nan,nan,nan,nan,nan,nan,nan,nan,nan,nan,nan,nan,nan,nan,nan,nan,nan,nan,nan,nan,nan,nan,nan,nan,nan,nan,nan,nan,nan,nan,nan,nan,nan,nan,nan,nan,nan,nan,nan,nan,nan,nan,nan,nan,nan,nan,nan,nan,nan,nan,nan,nan,nan,nan
nan,nan,nan,nan,nan,nan,nan,nan,nan,nan,nan,nan,nan,nan,nan,nan,nan,nan,nan,nan,nan,nan,nan,nan,nan,nan,nan,nan,nan,nan,nan,nan,nan,nan,nan,nan,nan,nan,nan,nan,nan,nan,nan,nan,nan,nan,nan,nan,nan,nan,nan,nan,nan,nan,nan,nan,nan,nan,nan,nan,nan,nan,nan,nan,nan,nan,nan,nan,nan,nan,nan,nan,nan,nan,nan,nan,nan,nan,nan,nan,nan,nan,nan,nan,nan,nan,nan,nan,nan,nan,nan,nan,nan,nan,nan,nan,nan,nan,nan,nan,nan,nan,nan,nan,nan,nan,nan,nan,nan,nan,nan,nan,nan,nan,nan,nan,nan,nan,nan
nan,nan,nan,nan,nan,nan,nan,nan,nan,nan,nan,nan,nan,nan,nan,nan,nan,nan,nan,nan,nan,nan,nan,nan,nan,nan,nan,nan,nan,nan,nan,nan,nan,nan,nan,nan,nan,nan,nan,nan,nan,nan,nan,nan,nan,nan,nan,nan,nan,nan,nan,nan,nan,nan,nan,nan,nan,nan,nan,nan,nan,nan,nan,nan,nan,nan,nan,nan,nan,nan,nan,nan,nan,nan,nan,nan,nan,nan,nan,nan,nan,nan,nan,nan,nan,nan,nan,nan,nan,nan,nan,nan,nan,nan,nan,nan,nan,nan,nan,nan,nan,nan,nan,nan,nan,nan,nan,nan,nan,nan,nan,nan,nan,nan,nan,nan,nan,nan,nan
nan,nan,nan,nan,nan,nan,nan,nan,nan,nan,nan,nan,nan,nan,nan,nan,nan,nan,nan,nan,nan,nan,nan,nan,nan,nan,nan,nan,nan,nan,nan,nan,nan,nan,nan,nan,nan,nan,nan,nan,nan,nan,nan,nan,nan,nan,nan,nan,nan,nan,nan,nan,nan,nan,nan,nan,nan,nan,nan,nan,nan,nan,nan,nan,nan,nan,nan,nan,nan,nan,nan,nan,nan,nan,nan,nan,nan,nan,nan,nan,nan,nan,nan,nan,nan,nan,nan,nan,nan,nan,nan,nan,nan,nan,nan,nan,nan,nan,nan,nan,nan,nan,nan,nan,nan,nan,nan,nan,nan,nan,nan,nan,nan,nan,nan,nan,nan,nan,nan
nan,nan,nan,nan,nan,nan,nan,nan,nan,nan,nan,nan,nan,nan,nan,nan,nan,nan,nan,nan,nan,nan,nan,nan,nan,nan,nan,nan,nan,nan,nan,nan,nan,nan,nan,nan,nan,nan,nan,nan,nan,nan,nan,nan,nan,nan,nan,nan,nan,nan,nan,nan,nan,nan,nan,nan,nan,nan,nan,nan,nan,nan,nan,nan,nan,nan,nan,nan,nan,nan,nan,nan,nan,nan,nan,nan,nan,nan,nan,nan,nan,nan,nan,nan,nan,nan,nan,nan,nan,nan,nan,nan,nan,nan,nan,nan,nan,nan,nan,nan,nan,nan,nan,nan,nan,nan,nan,nan,nan,nan,nan,nan,nan,nan,nan,nan,nan,nan,nan
nan,nan,nan,nan,nan,nan,nan,nan,nan,nan,nan,nan,nan,nan,nan,nan,nan,nan,nan,nan,nan,nan,nan,nan,nan,nan,nan,nan,nan,nan,nan,nan,nan,nan,nan,nan,nan,nan,nan,nan,nan,nan,nan,nan,nan,nan,nan,nan,nan,nan,nan,nan,nan,nan,nan,nan,nan,nan,nan,nan,nan,nan,nan,nan,nan,nan,nan,nan,nan,nan,nan,nan,nan,nan,nan,nan,nan,nan,nan,nan,nan,nan,nan,nan,nan,nan,nan,nan,nan,nan,nan,nan,nan,nan,nan,nan,nan,nan,nan,nan,nan,nan,nan,nan,nan,nan,nan,nan,nan,nan,nan,nan,nan,nan,nan,nan,nan,nan,nan
nan,nan,nan,nan,nan,nan,nan,nan,nan,nan,nan,nan,nan,nan,nan,nan,nan,nan,nan,nan,nan,nan,nan,nan,nan,nan,nan,nan,nan,nan,nan,nan,nan,nan,nan,nan,nan,nan,nan,nan,nan,nan,nan,nan,nan,nan,nan,nan,nan,nan,nan,nan,nan,nan,nan,nan,nan,nan,nan,nan,nan,nan,nan,nan,nan,nan,nan,nan,nan,nan,nan,nan,nan,nan,nan,nan,nan,nan,nan,nan,nan,nan,nan,nan,nan,nan,nan,nan,nan,nan,nan,nan,nan,nan,nan,nan,nan,nan,nan,nan,nan,nan,nan,nan,nan,nan,nan,nan,nan,nan,nan,nan,nan,nan,nan,nan,nan,nan,nan
nan,nan,nan,nan,nan,nan,nan,nan,nan,nan,nan,nan,nan,nan,nan,nan,nan,nan,nan,nan,nan,nan,nan,nan,nan,nan,nan,nan,nan,nan,nan,nan,nan,nan,nan,nan,nan,nan,nan,nan,nan,nan,nan,nan,nan,nan,nan,nan,nan,nan,nan,nan,nan,nan,nan,nan,nan,nan,nan,nan,nan,nan,nan,nan,nan,nan,nan,nan,nan,nan,nan,nan,nan,nan,nan,nan,nan,nan,nan,nan,nan,nan,nan,nan,nan,nan,nan,nan,nan,nan,nan,nan,nan,nan,nan,nan,nan,nan,nan,nan,nan,nan,nan,nan,nan,nan,nan,nan,nan,nan,nan,nan,nan,nan,nan,nan,nan,nan,nan
nan,nan,nan,nan,nan,nan,nan,nan,nan,nan,nan,nan,nan,nan,nan,nan,nan,nan,nan,nan,nan,nan,nan,nan,nan,nan,nan,nan,nan,nan,nan,nan,nan,nan,nan,nan,nan,nan,nan,nan,nan,nan,nan,nan,nan,nan,nan,nan,nan,nan,nan,nan,nan,nan,nan,nan,nan,nan,nan,nan,nan,nan,nan,nan,nan,nan,nan,nan,nan,nan,nan,nan,nan,nan,nan,nan,nan,nan,nan,nan,nan,nan,nan,nan,nan,nan,nan,nan,nan,nan,nan,nan,nan,nan,nan,nan,nan,nan,nan,nan,nan,nan,nan,nan,nan,nan,nan,nan,nan,nan,nan,nan,nan,nan,nan,nan,nan,nan,nan
nan,nan,nan,nan,nan,nan,nan,nan,nan,nan,nan,nan,nan,nan,nan,nan,nan,nan,nan,nan,nan,nan,nan,nan,nan,nan,nan,nan,nan,nan,nan,nan,nan,nan,nan,nan,nan,nan,nan,nan,nan,nan,nan,nan,nan,nan,nan,nan,nan,nan,nan,nan,nan,nan,nan,nan,nan,nan,nan,nan,nan,nan,nan,nan,nan,nan,nan,nan,nan,nan,nan,nan,nan,nan,nan,nan,nan,nan,nan,nan,nan,nan,nan,nan,nan,nan,nan,nan,nan,nan,nan,nan,nan,nan,nan,nan,nan,nan,nan,nan,nan,nan,nan,nan,nan,nan,nan,nan,nan,nan,nan,nan,nan,nan,nan,nan,nan,nan,nan
nan,nan,nan,nan,nan,nan,nan,nan,nan,nan,nan,nan,nan,nan,nan,nan,nan,nan,nan,nan,nan,nan,nan,nan,nan,nan,nan,nan,nan,nan,nan,nan,nan,nan,nan,nan,nan,nan,nan,nan,nan,nan,nan,nan,nan,nan,nan,nan,nan,nan,nan,nan,nan,nan,nan,nan,nan,nan,nan,nan,nan,nan,nan,nan,nan,nan,nan,nan,nan,nan,nan,nan,nan,nan,nan,nan,nan,nan,nan,nan,nan,nan,nan,nan,nan,nan,nan,nan,nan,nan,nan,nan,nan,nan,nan,nan,nan,nan,nan,nan,nan,nan,nan,nan,nan,nan,nan,nan,nan,nan,nan,nan,nan,nan,nan,nan,nan,nan,nan
nan,nan,nan,nan,nan,nan,nan,nan,nan,nan,nan,nan,nan,nan,nan,nan,nan,nan,nan,nan,nan,nan,nan,nan,nan,nan,nan,nan,nan,nan,nan,nan,nan,nan,nan,nan,nan,nan,nan,nan,nan,nan,nan,nan,nan,nan,nan,nan,nan,nan,nan,nan,nan,nan,nan,nan,nan,nan,nan,nan,nan,nan,nan,nan,nan,nan,nan,nan,nan,nan,nan,nan,nan,nan,nan,nan,nan,nan,nan,nan,nan,nan,nan,nan,nan,nan,nan,nan,nan,nan,nan,nan,nan,nan,nan,nan,nan,nan,nan,nan,nan,nan,nan,nan,nan,nan,nan,nan,nan,nan,nan,nan,nan,nan,nan,nan,nan,nan,nan
nan,nan,nan,nan,nan,nan,nan,nan,nan,nan,nan,nan,nan,nan,nan,nan,nan,nan,nan,nan,nan,nan,nan,nan,nan,nan,nan,nan,nan,nan,nan,nan,nan,nan,nan,nan,nan,nan,nan,nan,nan,nan,nan,nan,nan,nan,nan,nan,nan,nan,nan,nan,nan,nan,nan,nan,nan,nan,nan,nan,nan,nan,nan,nan,nan,nan,nan,nan,nan,nan,nan,nan,nan,nan,nan,nan,nan,nan,nan,nan,nan,nan,nan,nan,nan,nan,nan,nan,nan,nan,nan,nan,nan,nan,nan,nan,nan,nan,nan,nan,nan,nan,nan,nan,nan,nan,nan,nan,nan,nan,nan,nan,nan,nan,nan,nan,nan,nan,nan
