nan,nan,nan,nan,nan,nan,nan,nan,nan,nan,nan,nan,nan,nan,nan,nan,nan,nan,nan,nan,nan,nan,nan,nan,nan,nan,nan,nan,nan,nan,nan,nan,nan,nan,nan,nan,nan,nan,nan,nan,nan,nan,nan,nan,nan,nan,nan,nan,nan,nan,nan,nan,nan,nan,nan,nan,nan,nan,nan,nan,nan,nan,nan,nan,nan,nan,nan,nan,nan,nan,nan,nan,nan,nan,nan,nan,nan,nan,nan,nan,nan,nan,nan,nan,nan,nan,nan,nan,nan,nan,nan,nan,nan,nan,nan,nan,nan,nan,nan,nan,nan,nan,nan,nan,nan,nan,nan,nan,nan,nan,nan,nan,nan,nan,nan,nan,nan,nan,nan
nan,nan,nan,nan,nan,nan,nan,nan,nan,nan,nan,nan,nan,nan,nan,nan,nan,nan,nan,nan,nan,nan,nan,nan,nan,nan,nan,nan,nan,nan,nan,nan,nan,nan,nan,nan,nan,nan,nan,nan,nan,nan,nan,nan,nan,nan,nan,nan,nan,nan,nan,nan,nan,nan,nan,nan,nan,nan,nan,nan,nan,nan,nan,nan,nan,nan,nan,nan,nan,nan,nan,nan,nan,nan,nan,nan,nan,nan,nan,nan,nan,nan,nan,nan,nan,nan,nan,nan,nan,nan,nan,nan,nan,nan,nan,nan,nan,nan,nan,nan,nan,nan,nan,nan,nan,nan,nan,nan,nan,nan,nan,nan,nan,nan,nan,nan,nan,nan,nan
nan,nan,nan,nan,nan,nan,nan,nan,nan,nan,nan,nan,nan,nan,nan,nan,nan,nan,nan,nan,nan,nan,nan,nan,nan,nan,nan,nan,nan,nan,nan,nan,nan,nan,nan,nan,nan,nan,nan,nan,nan,nan,nan,nan,nan,nan,nan,nan,nan,nan,nan,nan,nan,nan,nan,nan,nan,nan,nan,nan,nan,nan,nan,nan,nan,nan,nan,nan,nan,nan,nan,nan,nan,nan,nan,nan,nan,nan,nan,nan,nan,nan,nan,nan,nan,nan,nan,nan,nan,nan,nan,nan,nan,nan,nan,nan,nan,nan,nan,nan,nan,nan,nan,nan,nan,nan,nan,nan,nan,nan,nan,nan,nan,nan,nan,nan,nan,nan,nan
nan,nan,nan,nan,nan,nan,nan,nan,nan,nan,nan,nan,nan,nan,nan,nan,nan,nan,nan,nan,nan,nan,nan,nan,nan,nan,nan,nan,nan,nan,nan,nan,nan,nan,nan,nan,nan,nan,nan,nan,nan,nan,nan,nan,nan,nan,nan,nan,nan,nan,nan,nan,nan,nan,nan,nan,nan,nan,nan,nan,nan,nan,nan,nan,nan,nan,nan,nan,nan,nan,nan,nan,nan,nan,nan,nan,nan,nan,nan,nan,nan,nan,nan,nan,nan,nan,nan,nan,nan,nan,nan,nan,nan,nan,nan,nan,nan,nan,nan,nan,nan,nan,nan,nan,nan,nan,nan,nan,nan,nan,nan,nan,nan,nan,nan,nan,nan,nan,nan
nan,nan,nan,nan,nan,nan,nan,nan,nan,nan,nan,nan,nan,nan,nan,nan,nan,nan,nan,nan,nan,nan,nan,nan,nan,nan,nan,nan,nan,nan,nan,nan,nan,nan,nan,nan,nan,nan,nan,nan,nan,nan,nan,nan,nan,nan,nan,nan,nan,nan,nan,nan,nan,nan,nan,nan,nan,nan,nan,nan,nan,nan,nan,nan,nan,nan,nan,nan,nan,nan,nan,nan,nan,nan,nan,nan,nan,nan,nan,nan,nan,nan,nan,nan,nan,nan,nan,nan,nan,nan,nan,nan,nan,nan,nan,nan,nan,nan,nan,nan,nan,nan,nan,nan,nan,nan,nan,nan,nan,nan,nan,nan,nan,nan,nan,nan,nan,nan,nan
nan,nan,nan,nan,nan,nan,nan,nan,nan,nan,nan,nan,nan,nan,nan,nan,nan,nan,nan,nan,nan,nan,nan,nan,nan,nan,nan,nan,nan,nan,nan,nan,nan,nan,nan,nan,nan,nan,nan,nan,nan,nan,nan,nan,nan,nan,nan,nan,nan,nan,nan,nan,nan,nan,nan,nan,nan,nan,nan,nan,nan,nan,nan,nan,nan,nan,nan,nan,nan,nan,nan,nan,nan,nan,nan,nan,nan,nan,nan,nan,nan,nan,nan,nan,nan,nan,nan,nan,nan,nan,nan,nan,nan,nan,nan,nan,nan,nan,nan,nan,nan,nan,nan,nan,nan,nan,nan,nan,nan,nan,nan,nan,nan,nan,nan,nan,nan,nan,nan
nan,nan,nan,nan,nan,nan,nan,nan,nan,nan,nan,nan,nan,nan,nan,nan,nan,nan,nan,nan,nan,nan,nan,nan,nan,nan,nan,nan,nan,nan,nan,nan,nan,nan,nan,nan,nan,nan,nan,nan,nan,nan,nan,nan,nan,nan,nan,nan,nan,nan,nan,nan,nan,nan,nan,nan,nan,nan,nan,nan,nan,nan,nan,nan,nan,nan,nan,nan,nan,nan,nan,nan,nan,nan,nan,nan,nan,nan,nan,nan,nan,nan,nan,nan,nan,nan,nan,nan,nan,nan,nan,nan,nan,nan,nan,nan,nan,nan,nan,nan,nan,nan,nan,nan,nan,nan,nan,nan,nan,nan,nan,nan,nan,nan,nan,nan,nan,nan,nan
nan,nan,nan,nan,nan,nan,nan,nan,nan,nan,nan,nan,nan,nan,nan,nan,nan,nan,nan,nan,nan,nan,nan,nan,nan,nan,nan,nan,nan,nan,nan,nan,nan,nan,nan,nan,nan,nan,nan,nan,nan,nan,nan,nan,nan,nan,nan,nan,nan,nan,nan,nan,nan,nan,nan,nan,nan,nan,nan,nan,nan,nan,nan,nan,nan,nan,nan,nan,nan,nan,nan,nan,nan,nan,nan,nan,nan,nan,nan,nan,nan,nan,nan,nan,nan,nan,nan,nan,nan,nan,nan,nan,nan,nan,nan,nan,nan,nan,nan,nan,nan,nan,nan,nan,nan,nan,nan,nan,nan,nan,nan,nan,nan,nan,nan,nan,nan,nan,nan
nan,nan,nan,nan,nan,nan,nan,nan,nan,nan,nan,nan,nan,nan,nan,nan,nan,nan,nan,nan,nan,nan,nan,nan,nan,nan,nan,nan,nan,nan,nan,nan,nan,nan,nan,nan,nan,nan,nan,nan,nan,nan,nan,nan,nan,nan,nan,nan,nan,nan,nan,nan,nan,nan,nan,nan,nan,nan,nan,nan,nan,nan,nan,nan,nan,nan,nan,nan,nan,nan,nan,nan,nan,nan,nan,nan,nan,nan,nan,nan,nan,nan,nan,nan,nan,nan,nan,nan,nan,nan,nan,nan,nan,nan,nan,nan,nan,nan,nan,nan,nan,nan,nan,nan,nan,nan,nan,nan,nan,nan,nan,nan,nan,nan,nan,nan,nan,nan,nan
nan,nan,nan,nan,nan,nan,nan,nan,nan,nan,nan,nan,nan,nan,nan,nan,nan,nan,nan,nan,nan,nan,nan,nan,nan,nan,nan,nan,nan,nan,nan,nan,nan,nan,nan,nan,nan,nan,nan,nan,nan,nan,nan,nan,nan,nan,nan,nan,nan,nan,nan,nan,nan,nan,nan,nan,nan,nan,nan,nan,nan,nan,nan,nan,nan,nan,nan,nan,nan,nan,nan,nan,nan,nan,nan,nan,nan,nan,nan,nan,nan,nan,nan,nan,nan,nan,nan,nan,nan,nan,nan,nan,nan,nan,nan,nan,nan,nan,nan,nan,nan,nan,nan,nan,nan,nan,nan,nan,nan,nan,nan,nan,nan,nan,nan,nan,nan,nan,nan
nan,nan,nan,nan,nan,nan,nan,nan,nan,nan,nan,nan,nan,nan,nan,nan,nan,nan,nan,nan,nan,nan,nan,nan,nan,nan,nan,nan,nan,nan,nan,nan,nan,nan,nan,nan,nan,nan,nan,nan,nan,nan,nan,nan,nan,nan,nan,nan,nan,nan,nan,nan,nan,nan,nan,nan,nan,nan,nan,nan,nan,nan,nan,nan,nan,nan,nan,nan,nan,nan,nan,nan,nan,nan,nan,nan,nan,nan,nan,nan,nan,nan,nan,nan,nan,nan,nan,nan,nan,nan,nan,nan,nan,nan,nan,nan,nan,nan,nan,nan,nan,nan,nan,nan,nan,nan,nan,nan,nan,nan,nan,nan,nan,nan,nan,nan,nan,nan,nan
nan,nan,nan,nan,nan,nan,nan,nan,nan,nan,nan,nan,nan,nan,nan,nan,nan,nan,nan,nan,nan,nan,nan,nan,nan,nan,nan,nan,nan,nan,nan,nan,nan,nan,nan,nan,nan,nan,nan,nan,nan,nan,nan,nan,nan,nan,nan,nan,nan,nan,nan,nan,nan,nan,nan,nan,nan,nan,nan,nan,nan,nan,nan,nan,nan,nan,nan,nan,nan,nan,nan,nan,nan,nan,nan,nan,nan,nan,nan,nan,nan,nan,nan,nan,nan,nan,nan,nan,nan,nan,nan,nan,nan,nan,nan,nan,nan,nan,nan,nan,nan,nan,nan,nan,nan,nan,nan,nan,nan,nan,nan,nan,nan,nan,nan,nan,nan,nan,nan
nan,nan,nan,nan,nan,nan,nan,nan,nan,nan,nan,nan,nan,nan,nan,nan,nan,nan,nan,nan,nan,nan,nan,nan,nan,nan,nan,nan,nan,nan,nan,nan,nan,nan,nan,nan,nan,nan,nan,nan,nan,nan,nan,nan,nan,nan,nan,nan,nan,nan,nan,nan,nan,nan,nan,nan,nan,nan,nan,nan,nan,nan,nan,nan,nan,nan,nan,nan,nan,nan,nan,nan,nan,nan,nan,nan,nan,nan,nan,nan,nan,nan,nan,nan,nan,nan,nan,nan,nan,nan,nan,nan,nan,nan,nan,nan,nan,nan,nan,nan,nan,nan,nan,nan,nan,nan,nan,nan,nan,nan,nan,nan,nan,nan,nan,nan,nan,nan,nan
nan,nan,nan,nan,nan,nan,nan,nan,nan,nan,nan,nan,nan,nan,nan,nan,nan,nan,nan,nan,nan,nan,nan,nan,nan,nan,nan,nan,nan,nan,nan,nan,nan,nan,nan,nan,nan,nan,nan,nan,nan,nan,nan,nan,nan,nan,nan,nan,nan,nan,nan,nan,nan,nan,nan,nan,nan,nan,nan,nan,nan,nan,nan,nan,nan,nan,nan,nan,nan,nan,nan,nan,nan,nan,nan,nan,nan,nan,nan,nan,nan,nan,nan,nan,nan,nan,nan,nan,nan,nan,nan,nan,nan,nan,nan,nan,nan,nan,nan,nan,nan,nan,nan,nan,nan,nan,nan,nan,nan,nan,nan,nan,nan,nan,nan,nan,nan,nan,nan
nan,nan,nan,nan,nan,nan,nan,nan,nan,nan,nan,nan,nan,nan,nan,nan,nan,nan,nan,nan,nan,nan,nan,nan,nan,nan,nan,nan,nan,nan,nan,nan,nan,nan,nan,nan,nan,nan,nan,nan,nan,nan,nan,nan,nan,nan,nan,nan,nan,nan,nan,nan,nan,nan,nan,nan,nan,nan,nan,nan,nan,nan,nan,nan,nan,nan,nan,nan,nan,nan,nan,nan,nan,nan,nan,nan,nan,nan,nan,nan,nan,nan,nan,nan,nan,nan,nan,nan,nan,nan,nan,nan,nan,nan,nan,nan,nan,nan,nan,nan,nan,nan,nan,nan,nan,nan,nan,nan,nan,nan,nan,nan,nan,nan,nan,nan,nan,nan,nan
nan,nan,nan,nan,nan,nan,nan,nan,nan,nan,nan,nan,nan,nan,nan,nan,nan,nan,nan,nan,nan,nan,nan,nan,nan,nan,nan,nan,nan,nan,nan,nan,nan,nan,nan,nan,nan,nan,nan,nan,nan,nan,nan,nan,nan,nan,nan,nan,nan,nan,nan,nan,nan,nan,nan,nan,nan,nan,nan,nan,nan,nan,nan,nan,nan,nan,nan,nan,nan,nan,nan,nan,nan,nan,nan,nan,nan,nan,nan,nan,nan,nan,nan,nan,nan,nan,nan,nan,nan,nan,nan,nan,nan,nan,nan,nan,nan,nan,nan,nan,nan,nan,nan,nan,nan,nan,nan,nan,nan,nan,nan,nan,nan,nan,nan,nan,nan,nan,nan
nan,nan,nan,nan,nan,nan,nan,nan,nan,nan,nan,nan,nan,nan,nan,nan,nan,nan,nan,nan,nan,nan,nan,nan,nan,nan,nan,nan,nan,nan,nan,nan,nan,nan,nan,nan,nan,nan,nan,nan,nan,nan,nan,nan,nan,nan,nan,nan,nan,nan,nan,nan,nan,nan,nan,nan,nan,nan,nan,nan,nan,nan,nan,nan,nan,nan,nan,nan,nan,nan,nan,nan,nan,nan,nan,nan,nan,nan,nan,nan,nan,nan,nan,nan,nan,nan,nan,nan,nan,nan,nan,nan,nan,nan,nan,nan,nan,nan,nan,nan,nan,nan,nan,nan,nan,nan,nan,nan,nan,nan,nan,nan,nan,nan,nan,nan,nan,nan,nan
nan,nan,nan,nan,nan,nan,nan,nan,nan,nan,nan,nan,nan,nan,nan,nan,nan,nan,nan,nan,nan,nan,nan,nan,nan,nan,nan,nan,nan,nan,nan,nan,nan,nan,nan,nan,nan,nan,nan,nan,nan,nan,nan,nan,nan,nan,nan,nan,nan,nan,nan,nan,nan,nan,nan,nan,nan,nan,nan,nan,nan,nan,nan,nan,nan,nan,nan,nan,nan,nan,nan,nan,nan,nan,nan,nan,nan,nan,nan,nan,nan,nan,nan,nan,nan,nan,nan,nan,nan,nan,nan,nan,nan,nan,nan,nan,nan,nan,nan,nan,nan,nan,nan,nan,nan,nan,nan,nan,nan,nan,nan,nan,nan,nan,nan,nan,nan,nan,nan
nan,nan,nan,nan,nan,nan,nan,nan,nan,nan,nan,nan,nan,nan,nan,nan,nan,nan,nan,nan,nan,nan,nan,nan,nan,nan,nan,nan,nan,nan,nan,nan,nan,nan,nan,nan,nan,nan,nan,nan,nan,nan,nan,nan,nan,nan,nan,nan,nan,nan,nan,nan,nan,nan,nan,nan,nan,nan,nan,nan,nan,nan,nan,nan,nan,nan,nan,nan,nan,nan,nan,nan,nan,nan,nan,nan,nan,nan,nan,nan,nan,nan,nan,nan,nan,nan,nan,nan,nan,nan,nan,nan,nan,nan,nan,nan,nan,nan,nan,nan,nan,nan,nan,nan,nan,nan,nan,nan,nan,nan,nan,nan,nan,nan,nan,nan,nan,nan,nan
nan,nan,nan,nan,nan,nan,nan,nan,nan,nan,nan,nan,nan,nan,nan,nan,nan,nan,nan,nan,nan,nan,nan,nan,nan,nan,nan,nan,nan,nan,nan,nan,nan,nan,nan,nan,nan,nan,nan,nan,nan,nan,nan,nan,nan,nan,nan,nan,nan,nan,nan,nan,nan,nan,nan,nan,nan,nan,nan,nan,nan,nan,nan,nan,nan,nan,nan,nan,nan,nan,nan,nan,nan,nan,nan,nan,nan,nan,nan,nan,nan,nan,nan,nan,nan,nan,nan,nan,nan,nan,nan,nan,nan,nan,nan,nan,nan,nan,nan,nan,nan,nan,nan,nan,nan,nan,nan,nan,nan,nan,nan,nan,nan,nan,nan,nan,nan,nan,nan
nan,nan,nan,nan,nan,nan,nan,nan,nan,nan,nan,nan,nan,nan,nan,nan,nan,nan,nan,nan,nan,nan,nan,nan,nan,nan,nan,nan,nan,nan,nan,nan,nan,nan,nan,nan,nan,nan,nan,nan,nan,nan,nan,nan,nan,nan,nan,nan,nan,nan,nan,nan,nan,nan,nan,nan,nan,nan,nan,nan,nan,nan,nan,nan,nan,nan,nan,nan,nan,nan,nan,nan,nan,nan,nan,nan,nan,nan,nan,nan,nan,nan,nan,nan,nan,nan,nan,nan,nan,nan,nan,nan,nan,nan,nan,nan,nan,nan,nan,nan,nan,nan,nan,nan,nan,nan,nan,nan,nan,nan,nan,nan,nan,nan,nan,nan,nan,nan,nan
nan,nan,nan,nan,nan,nan,nan,nan,nan,nan,nan,nan,nan,nan,nan,nan,nan,nan,nan,nan,nan,nan,nan,nan,nan,nan,nan,nan,nan,nan,nan,nan,nan,nan,nan,nan,nan,nan,nan,nan,nan,nan,nan,nan,nan,nan,nan,nan,nan,nan,nan,nan,nan,nan,nan,nan,nan,nan,nan,nan,nan,nan,nan,nan,nan,nan,nan,nan,nan,nan,nan,nan,nan,nan,nan,nan,nan,nan,nan,nan,nan,nan,nan,nan,nan,nan,nan,nan,nan,nan,nan,nan,nan,nan,nan,nan,nan,nan,nan,nan,nan,nan,nan,nan,nan,nan,nan,nan,nan,nan,nan,nan,nan,nan,nan,nan,nan,nan,nan
nan,nan,nan,nan,nan,nan,nan,nan,nan,nan,nan,nan,nan,nan,nan,nan,nan,nan,nan,nan,nan,nan,nan,nan,nan,nan,nan,nan,nan,nan,nan,nan,nan,nan,nan,nan,nan,nan,nan,nan,nan,nan,nan,nan,nan,nan,nan,nan,nan,nan,nan,nan,nan,nan,nan,nan,nan,nan,nan,nan,nan,nan,nan,nan,nan,nan,nan,nan,nan,nan,nan,nan,nan,nan,nan,nan,nan,nan,nan,nan,nan,nan,nan,nan,nan,nan,nan,nan,nan,nan,nan,nan,nan,nan,nan,nan,nan,nan,nan,nan,nan,nan,nan,nan,nan,nan,nan,nan,nan,nan,nan,nan,nan,nan,nan,nan,nan,nan,nan
nan,nan,nan,nan,nan,nan,nan,nan,nan,nan,nan,nan,nan,nan,nan,nan,nan,nan,nan,nan,nan,nan,nan,nan,nan,nan,nan,nan,nan,nan,nan,nan,nan,nan,nan,nan,nan,nan,nan,nan,nan,nan,nan,nan,nan,nan,nan,nan,nan,nan,nan,nan,nan,nan,nan,nan,nan,nan,nan,nan,nan,nan,nan,nan,nan,nan,nan,nan,nan,nan,nan,nan,nan,nan,nan,nan,nan,nan,nan,nan,nan,nan,nan,nan,nan,nan,nan,nan,nan,nan,nan,nan,nan,nan,nan,nan,nan,nan,nan,nan,nan,nan,nan,nan,nan,nan,nan,nan,nan,nan,nan,nan,nan,nan,nan,nan,nan,nan,nan
nan,nan,nan,nan,nan,nan,nan,nan,nan,nan,nan,nan,nan,nan,nan,nan,nan,nan,nan,nan,nan,nan,nan,nan,nan,nan,nan,nan,nan,nan,nan,nan,nan,nan,nan,nan,nan,nan,nan,nan,nan,nan,nan,nan,nan,nan,nan,nan,nan,nan,nan,nan,nan,nan,nan,nan,nan,nan,nan,nan,nan,nan,nan,nan,nan,nan,nan,nan,nan,nan,nan,nan,nan,nan,nan,nan,nan,nan,nan,nan,nan,nan,nan,nan,nan,nan,nan,nan,nan,nan,nan,nan,nan,nan,nan,nan,nan,nan,nan,nan,nan,nan,nan,nan,nan,nan,nan,nan,nan,nan,nan,nan,nan,nan,nan,nan,nan,nan,nan
nan,nan,nan,nan,nan,nan,nan,nan,nan,nan,nan,nan,nan,nan,nan,nan,nan,nan,nan,nan,nan,nan,nan,nan,nan,nan,nan,nan,nan,nan,nan,nan,nan,nan,nan,nan,nan,nan,nan,nan,nan,nan,nan,nan,nan,nan,nan,nan,nan,nan,nan,nan,nan,nan,nan,nan,nan,nan,nan,nan,nan,nan,nan,nan,nan,nan,nan,nan,nan,nan,nan,nan,nan,nan,nan,nan,nan,nan,nan,nan,nan,nan,nan,nan,nan,nan,nan,nan,nan,nan,nan,nan,nan,nan,nan,nan,nan,nan,nan,nan,nan,nan,nan,nan,nan,nan,nan,nan,nan,nan,nan,nan,nan,nan,nan,nan,nan,nan,nan
nan,nan,nan,nan,nan,nan,nan,nan,nan,nan,nan,nan,nan,nan,nan,nan,nan,nan,nan,nan,nan,nan,nan,nan,nan,nan,nan,nan,nan,nan,nan,nan,nan,nan,nan,nan,nan,nan,nan,nan,nan,nan,nan,nan,nan,nan,nan,nan,nan,nan,nan,nan,nan,nan,nan,nan,nan,nan,nan,nan,nan,nan,nan,nan,nan,nan,nan,nan,nan,nan,nan,nan,nan,nan,nan,nan,nan,nan,nan,nan,nan,nan,nan,nan,nan,nan,nan,nan,nan,nan,nan,nan,nan,nan,nan,nan,nan,nan,nan,nan,nan,nan,nan,nan,nan,nan,nan,nan,nan,nan,nan,nan,nan,nan,nan,nan,nan,nan,nan
nan,nan,nan,nan,nan,nan,nan,nan,nan,nan,nan,nan,nan,nan,nan,nan,nan,nan,nan,nan,nan,nan,nan,nan,nan,nan,nan,nan,nan,nan,nan,nan,nan,nan,nan,nan,nan,nan,nan,nan,nan,nan,nan,nan,nan,nan,nan,nan,nan,nan,nan,nan,nan,nan,nan,nan,nan,nan,nan,nan,nan,nan,nan,nan,nan,nan,nan,nan,nan,nan,nan,nan,nan,nan,nan,nan,nan,nan,nan,nan,nan,nan,nan,nan,nan,nan,nan,nan,nan,nan,nan,nan,nan,nan,nan,nan,nan,nan,nan,nan,nan,nan,nan,nan,nan,nan,nan,nan,nan,nan,nan,nan,nan,nan,nan,nan,nan,nan,nan
nan,nan,nan,nan,nan,nan,nan,nan,nan,nan,nan,nan,nan,nan,nan,nan,nan,nan,nan,nan,nan,nan,nan,nan,nan,nan,nan,nan,nan,nan,nan,nan,nan,nan,nan,nan,nan,nan,nan,nan,nan,nan,nan,nan,nan,nan,nan,nan,nan,nan,nan,nan,nan,nan,nan,nan,nan,nan,nan,nan,nan,nan,nan,nan,nan,nan,nan,nan,nan,nan,nan,nan,nan,nan,nan,nan,nan,nan,nan,nan,nan,nan,nan,nan,nan,nan,nan,nan,nan,nan,nan,nan,nan,nan,nan,nan,nan,nan,nan,nan,nan,nan,nan,nan,nan,nan,nan,nan,nan,nan,nan,nan,nan,nan,nan,nan,nan,nan,nan
nan,nan,nan,nan,nan,nan,nan,nan,nan,nan,nan,nan,nan,nan,nan,nan,nan,nan,nan,nan,nan,nan,nan,nan,nan,nan,nan,nan,nan,nan,nan,nan,nan,nan,nan,nan,nan,nan,nan,nan,nan,nan,nan,nan,nan,nan,nan,nan,nan,nan,nan,nan,nan,nan,nan,nan,nan,nan,nan,nan,nan,nan,nan,nan,nan,nan,nan,nan,nan,nan,nan,nan,nan,nan,nan,nan,nan,nan,nan,nan,nan,nan,nan,nan,nan,nan,nan,nan,nan,nan,nan,nan,nan,nan,nan,nan,nan,nan,nan,nan,nan,nan,nan,nan,nan,nan,nan,nan,nan,nan,nan,nan,nan,nan,nan,nan,nan,nan,nan
nan,nan,nan,nan,nan,nan,nan,nan,nan,nan,nan,nan,nan,nan,nan,nan,nan,nan,nan,nan,nan,nan,nan,nan,nan,nan,nan,nan,nan,nan,nan,nan,nan,nan,nan,nan,nan,nan,nan,nan,nan,nan,nan,nan,nan,nan,nan,nan,nan,nan,nan,nan,nan,nan,nan,nan,nan,nan,nan,nan,nan,nan,nan,nan,nan,nan,nan,nan,nan,nan,nan,nan,nan,nan,nan,nan,nan,nan,nan,nan,nan,nan,nan,nan,nan,nan,nan,nan,nan,nan,nan,nan,nan,nan,nan,nan,nan,nan,nan,nan,nan,nan,nan,nan,nan,nan,nan,nan,nan,nan,nan,nan,nan,nan,nan,nan,nan,nan,nan
nan,nan,nan,nan,nan,nan,nan,nan,nan,nan,nan,nan,nan,nan,nan,nan,nan,nan,nan,nan,nan,nan,nan,nan,nan,nan,nan,nan,nan,nan,nan,nan,nan,nan,nan,nan,nan,nan,nan,nan,nan,nan,nan,nan,nan,nan,nan,nan,nan,nan,nan,nan,nan,nan,nan,nan,nan,nan,nan,nan,nan,nan,nan,nan,nan,nan,nan,nan,nan,nan,nan,nan,nan,nan,nan,nan,nan,nan,nan,nan,nan,nan,nan,nan,nan,nan,nan,nan,nan,nan,nan,nan,nan,nan,nan,nan,nan,nan,nan,nan,nan,nan,nan,nan,nan,nan,nan,nan,nan,nan,nan,nan,nan,nan,nan,nan,nan,nan,nan
nan,nan,nan,nan,nan,nan,nan,nan,nan,nan,nan,nan,nan,nan,nan,nan,nan,nan,nan,nan,nan,nan,nan,nan,nan,nan,nan,nan,nan,nan,nan,nan,nan,nan,nan,nan,nan,nan,nan,nan,nan,nan,nan,nan,nan,nan,nan,nan,nan,nan,nan,nan,nan,nan,nan,nan,nan,nan,nan,nan,nan,nan,nan,nan,nan,nan,nan,nan,nan,nan,nan,nan,nan,nan,nan,nan,nan,nan,nan,nan,nan,nan,nan,nan,nan,nan,nan,nan,nan,nan,nan,nan,nan,nan,nan,nan,nan,nan,nan,nan,nan,nan,nan,nan,nan,nan,nan,nan,nan,nan,nan,nan,nan,nan,nan,nan,nan,nan,nan
nan,nan,nan,nan,nan,nan,nan,nan,nan,nan,nan,nan,nan,nan,nan,nan,nan,nan,nan,nan,nan,nan,nan,nan,nan,nan,nan,nan,nan,nan,nan,nan,nan,nan,nan,nan,nan,nan,nan,nan,nan,nan,nan,nan,nan,nan,nan,nan,nan,nan,nan,nan,nan,nan,nan,nan,nan,nan,nan,nan,nan,nan,nan,nan,nan,nan,nan,nan,nan,nan,nan,nan,nan,nan,nan,nan,nan,nan,nan,nan,nan,nan,nan,nan,nan,nan,nan,nan,nan,nan,nan,nan,nan,nan,nan,nan,nan,nan,nan,nan,nan,nan,nan,nan,nan,nan,nan,nan,nan,nan,nan,nan,nan,nan,nan,nan,nan,nan,nan
nan,nan,nan,nan,nan,nan,nan,nan,nan,nan,nan,nan,nan,nan,nan,nan,nan,nan,nan,nan,nan,nan,nan,nan,nan,nan,nan,nan,nan,nan,nan,nan,nan,nan,nan,nan,nan,nan,nan,nan,nan,nan,nan,nan,nan,nan,nan,nan,nan,nan,nan,nan,nan,nan,nan,nan,nan,nan,nan,nan,nan,nan,nan,nan,nan,nan,nan,nan,nan,nan,nan,nan,nan,nan,nan,nan,nan,nan,nan,nan,nan,nan,nan,nan,nan,nan,nan,nan,nan,nan,nan,nan,nan,nan,nan,nan,nan,nan,nan,nan,nan,nan,nan,nan,nan,nan,nan,nan,nan,nan,nan,nan,nan,nan,nan,nan,nan,nan,nan
nan,nan,nan,nan,nan,nan,nan,nan,nan,nan,nan,nan,nan,nan,nan,nan,nan,nan,nan,nan,nan,nan,nan,nan,nan,nan,nan,nan,nan,nan,nan,nan,nan,nan,nan,nan,nan,nan,nan,nan,nan,nan,nan,nan,nan,nan,nan,nan,nan,nan,nan,nan,nan,nan,nan,nan,nan,nan,nan,nan,nan,nan,nan,nan,nan,nan,nan,nan,nan,nan,nan,nan,nan,nan,nan,nan,nan,nan,nan,nan,nan,nan,nan,nan,nan,nan,nan,nan,nan,nan,nan,nan,nan,nan,nan,nan,nan,nan,nan,nan,nan,nan,nan,nan,nan,nan,nan,nan,nan,nan,nan,nan,nan,nan,nan,nan,nan,nan,nan
nan,nan,nan,nan,nan,nan,nan,nan,nan,nan,nan,nan,nan,nan,nan,nan,nan,nan,nan,nan,nan,nan,nan,nan,nan,nan,nan,nan,nan,nan,nan,nan,nan,nan,nan,nan,nan,nan,nan,nan,nan,nan,nan,nan,nan,nan,nan,nan,nan,nan,nan,nan,nan,nan,nan,nan,nan,nan,nan,nan,nan,nan,nan,nan,nan,nan,nan,nan,nan,nan,nan,nan,nan,nan,nan,nan,nan,nan,nan,nan,nan,nan,nan,nan,nan,nan,nan,nan,nan,nan,nan,nan,nan,nan,nan,nan,nan,nan,nan,nan,nan,nan,nan,nan,nan,nan,nan,nan,nan,nan,nan,nan,nan,nan,nan,nan,nan,nan,nan
nan,nan,nan,nan,nan,nan,nan,nan,nan,nan,nan,nan,nan,nan,nan,nan,nan,nan,nan,nan,nan,nan,nan,nan,nan,nan,nan,nan,nan,nan,nan,nan,nan,nan,nan,nan,nan,nan,nan,nan,nan,nan,nan,nan,nan,nan,nan,nan,nan,nan,nan,nan,nan,nan,nan,nan,nan,nan,nan,nan,nan,nan,nan,nan,nan,nan,nan,nan,nan,nan,nan,nan,nan,nan,nan,nan,nan,nan,nan,nan,nan,nan,nan,nan,nan,nan,nan,nan,nan,nan,nan,nan,nan,nan,nan,nan,nan,nan,nan,nan,nan,nan,nan,nan,nan,nan,nan,nan,nan,nan,nan,nan,nan,nan,nan,nan,nan,nan,nan
nan,nan,nan,nan,nan,nan,nan,nan,nan,nan,nan,nan,nan,nan,nan,nan,nan,nan,nan,nan,nan,nan,nan,nan,nan,nan,nan,nan,nan,nan,nan,nan,nan,nan,nan,nan,nan,nan,nan,nan,nan,nan,nan,nan,nan,nan,nan,nan,nan,nan,nan,nan,nan,nan,nan,nan,nan,nan,nan,nan,nan,nan,nan,nan,nan,nan,nan,nan,nan,nan,nan,nan,nan,nan,nan,nan,nan,nan,nan,nan,nan,nan,nan,nan,nan,nan,nan,nan,nan,nan,nan,nan,nan,nan,nan,nan,nan,nan,nan,nan,nan,nan,nan,nan,nan,nan,nan,nan,nan,nan,nan,nan,nan,nan,nan,nan,nan,nan,nan
nan,nan,nan,nan,nan,nan,nan,nan,nan,nan,nan,nan,nan,nan,nan,nan,nan,nan,nan,nan,nan,nan,nan,nan,nan,nan,nan,nan,nan,nan,nan,nan,nan,nan,nan,nan,nan,nan,nan,nan,nan,nan,nan,nan,nan,nan,nan,nan,nan,nan,nan,nan,nan,nan,nan,nan,nan,nan,nan,nan,nan,nan,nan,nan,nan,nan,nan,nan,nan,nan,nan,nan,nan,nan,nan,nan,nan,nan,nan,nan,nan,nan,nan,nan,nan,nan,nan,nan,nan,nan,nan,nan,nan,nan,nan,nan,nan,nan,nan,nan,nan,nan,nan,nan,nan,nan,nan,nan,nan,nan,nan,nan,nan,nan,nan,nan,nan,nan,nan
nan,nan,nan,nan,nan,nan,nan,nan,nan,nan,nan,nan,nan,nan,nan,nan,nan,nan,nan,nan,nan,nan,nan,nan,nan,nan,nan,nan,nan,nan,nan,nan,nan,nan,nan,nan,nan,nan,nan,nan,nan,nan,nan,nan,nan,nan,nan,nan,nan,nan,nan,nan,nan,nan,nan,nan,nan,nan,nan,nan,nan,nan,nan,nan,nan,nan,nan,nan,nan,nan,nan,nan,nan,nan,nan,nan,nan,nan,nan,nan,nan,nan,nan,nan,nan,nan,nan,nan,nan,nan,nan,nan,nan,nan,nan,nan,nan,nan,nan,nan,nan,nan,nan,nan,nan,nan,nan,nan,nan,nan,nan,nan,nan,nan,nan,nan,nan,nan,nan
nan,nan,nan,nan,nan,nan,nan,nan,nan,nan,nan,nan,nan,nan,nan,nan,nan,nan,nan,nan,nan,nan,nan,nan,nan,nan,nan,nan,nan,nan,nan,nan,nan,nan,nan,nan,nan,nan,nan,nan,nan,nan,nan,nan,nan,nan,nan,nan,nan,nan,nan,nan,nan,nan,nan,nan,nan,nan,nan,nan,nan,nan,nan,nan,nan,nan,nan,nan,nan,nan,nan,nan,nan,nan,nan,nan,nan,nan,nan,nan,nan,nan,nan,nan,nan,nan,nan,nan,nan,nan,nan,nan,nan,nan,nan,nan,nan,nan,nan,nan,nan,nan,nan,nan,nan,nan,nan,nan,nan,nan,nan,nan,nan,nan,nan,nan,nan,nan,nan
nan,nan,nan,nan,nan,nan,nan,nan,nan,nan,nan,nan,nan,nan,nan,nan,nan,nan,nan,nan,nan,nan,nan,nan,nan,nan,nan,nan,nan,nan,nan,nan,nan,nan,nan,nan,nan,nan,nan,nan,nan,nan,nan,nan,nan,nan,nan,nan,nan,nan,nan,nan,nan,nan,nan,nan,nan,nan,nan,nan,nan,nan,nan,nan,nan,nan,nan,nan,nan,nan,nan,nan,nan,nan,nan,nan,nan,nan,nan,nan,nan,nan,nan,nan,nan,nan,nan,nan,nan,nan,nan,nan,nan,nan,nan,nan,nan,nan,nan,nan,nan,nan,nan,nan,nan,nan,nan,nan,nan,nan,nan,nan,nan,nan,nan,nan,nan,nan,nan
nan,nan,nan,nan,nan,nan,nan,nan,nan,nan,nan,nan,nan,nan,nan,nan,nan,nan,nan,nan,nan,nan,nan,nan,nan,nan,nan,nan,nan,nan,nan,nan,nan,nan,nan,nan,nan,nan,nan,nan,nan,nan,nan,nan,nan,nan,nan,nan,nan,nan,nan,nan,nan,nan,nan,nan,nan,nan,nan,nan,nan,nan,nan,nan,nan,nan,nan,nan,nan,nan,nan,nan,nan,nan,nan,nan,nan,nan,nan,nan,nan,nan,nan,nan,nan,nan,nan,nan,nan,nan,nan,nan,nan,nan,nan,nan,nan,nan,nan,nan,nan,nan,nan,nan,nan,nan,nan,nan,nan,nan,nan,nan,nan,nan,nan,nan,nan,nan,nan
nan,nan,nan,nan,nan,nan,nan,nan,nan,nan,nan,nan,nan,nan,nan,nan,nan,nan,nan,nan,nan,nan,nan,nan,nan,nan,nan,nan,nan,nan,nan,nan,nan,nan,nan,nan,nan,nan,nan,nan,nan,nan,nan,nan,nan,nan,nan,nan,nan,nan,nan,nan,nan,nan,nan,nan,nan,nan,nan,nan,nan,nan,nan,nan,nan,nan,nan,nan,nan,nan,nan,nan,nan,nan,nan,nan,nan,nan,nan,nan,nan,nan,nan,nan,nan,nan,nan,nan,nan,nan,nan,nan,nan,nan,nan,nan,nan,nan,nan,nan,nan,nan,nan,nan,nan,nan,nan,nan,nan,nan,nan,nan,nan,nan,nan,nan,nan,nan,nan
nan,nan,nan,nan,nan,nan,nan,nan,nan,nan,nan,nan,nan,nan,nan,nan,nan,nan,nan,nan,nan,nan,nan,nan,nan,nan,nan,nan,nan,nan,nan,nan,nan,nan,nan,nan,nan,nan,nan,nan,nan,nan,nan,nan,nan,nan,nan,nan,nan,nan,nan,nan,nan,nan,nan,nan,nan,nan,nan,nan,nan,nan,nan,nan,nan,nan,nan,nan,nan,nan,nan,nan,nan,nan,nan,nan,nan,nan,nan,nan,nan,nan,nan,nan,nan,nan,nan,nan,nan,nan,nan,nan,nan,nan,nan,nan,nan,nan,nan,nan,nan,nan,nan,nan,nan,nan,nan,nan,nan,nan,nan,nan,nan,nan,nan,nan,nan,nan,nan
nan,nan,nan,nan,nan,nan,nan,nan,nan,nan,nan,nan,nan,nan,nan,nan,nan,nan,nan,nan,nan,nan,nan,nan,nan,nan,nan,nan,nan,nan,nan,nan,nan,nan,nan,nan,nan,nan,nan,nan,nan,nan,nan,nan,nan,nan,nan,nan,nan,nan,nan,nan,nan,nan,nan,nan,nan,nan,nan,nan,nan,nan,nan,nan,nan,nan,nan,nan,nan,nan,nan,nan,nan,nan,nan,nan,nan,nan,nan,nan,nan,nan,nan,nan,nan,nan,nan,nan,nan,nan,nan,nan,nan,nan,nan,nan,nan,nan,nan,nan,nan,nan,nan,nan,nan,nan,nan,nan,nan,nan,nan,nan,nan,nan,nan,nan,nan,nan,nan
nan,nan,nan,nan,nan,nan,nan,nan,nan,nan,nan,nan,nan,nan,nan,nan,nan,nan,nan,nan,nan,nan,nan,nan,nan,nan,nan,nan,nan,nan,nan,nan,nan,nan,nan,nan,nan,nan,nan,nan,nan,nan,nan,nan,nan,nan,nan,nan,nan,nan,nan,nan,nan,nan,nan,nan,nan,nan,nan,nan,nan,nan,nan,nan,nan,nan,nan,nan,nan,nan,nan,nan,nan,nan,nan,nan,nan,nan,nan,nan,nan,nan,nan,nan,nan,nan,nan,nan,nan,nan,nan,nan,nan,nan,nan,nan,nan,nan,nan,nan,nan,nan,nan,nan,nan,nan,nan,nan,nan,nan,nan,nan,nan,nan,nan,nan,nan,nan,nan
nan,nan,nan,nan,nan,nan,nan,nan,nan,nan,nan,nan,nan,nan,nan,nan,nan,nan,nan,nan,nan,nan,nan,nan,nan,nan,nan,nan,nan,nan,nan,nan,nan,nan,nan,nan,nan,nan,nan,nan,nan,nan,nan,nan,nan,nan,nan,nan,nan,nan,nan,nan,nan,nan,nan,nan,nan,nan,nan,nan,nan,nan,nan,nan,nan,nan,nan,nan,nan,nan,nan,nan,nan,nan,nan,nan,nan,nan,nan,nan,nan,nan,nan,nan,nan,nan,nan,nan,nan,nan,nan,nan,nan,nan,nan,nan,nan,nan,nan,nan,nan,nan,nan,nan,nan,nan,nan,nan,nan,nan,nan,nan,nan,nan,nan,nan,nan,nan,nan
nan,nan,nan,nan,nan,nan,nan,nan,nan,nan,nan,nan,nan,nan,nan,nan,nan,nan,nan,nan,nan,nan,nan,nan,nan,nan,nan,nan,nan,nan,nan,nan,nan,nan,nan,nan,nan,nan,nan,nan,nan,nan,nan,nan,nan,nan,nan,nan,nan,nan,nan,nan,nan,nan,nan,nan,nan,nan,nan,nan,nan,nan,nan,nan,nan,nan,nan,nan,nan,nan,nan,nan,nan,nan,nan,nan,nan,nan,nan,nan,nan,nan,nan,nan,nan,nan,nan,nan,nan,nan,nan,nan,nan,nan,nan,nan,nan,nan,nan,nan,nan,nan,nan,nan,nan,nan,nan,nan,nan,nan,nan,nan,nan,nan,nan,nan,nan,nan,nan
nan,nan,nan,nan,nan,nan,nan,nan,nan,nan,nan,nan,nan,nan,nan,nan,nan,nan,nan,nan,nan,nan,nan,nan,nan,nan,nan,nan,nan,nan,nan,nan,nan,nan,nan,nan,nan,nan,nan,nan,nan,nan,nan,nan,nan,nan,nan,nan,nan,nan,nan,nan,nan,nan,nan,nan,nan,nan,nan,nan,nan,nan,nan,nan,nan,nan,nan,nan,nan,nan,nan,nan,nan,nan,nan,nan,nan,nan,nan,nan,nan,nan,nan,nan,nan,nan,nan,nan,nan,nan,nan,nan,nan,nan,nan,nan,nan,nan,nan,nan,nan,nan,nan,nan,nan,nan,nan,nan,nan,nan,nan,nan,nan,nan,nan,nan,nan,nan,nan
nan,nan,nan,nan,nan,nan,nan,nan,nan,nan,nan,nan,nan,nan,nan,nan,nan,nan,nan,nan,nan,nan,nan,nan,nan,nan,nan,nan,nan,nan,nan,nan,nan,nan,nan,nan,nan,nan,nan,nan,nan,nan,nan,nan,nan,nan,nan,nan,nan,nan,nan,nan,nan,nan,nan,nan,nan,nan,nan,nan,nan,nan,nan,nan,nan,nan,nan,nan,nan,nan,nan,nan,nan,nan,nan,nan,nan,nan,nan,nan,nan,nan,nan,nan,nan,nan,nan,nan,nan,nan,nan,nan,nan,nan,nan,nan,nan,nan,nan,nan,nan,nan,nan,nan,nan,nan,nan,nan,nan,nan,nan,nan,nan,nan,nan,nan,nan,nan,nan
nan,nan,nan,nan,nan,nan,nan,nan,nan,nan,nan,nan,nan,nan,nan,nan,nan,nan,nan,nan,nan,nan,nan,nan,nan,nan,nan,nan,nan,nan,nan,nan,nan,nan,nan,nan,nan,nan,nan,nan,nan,nan,nan,nan,nan,nan,nan,nan,nan,nan,nan,nan,nan,nan,nan,nan,nan,nan,nan,nan,nan,nan,nan,nan,nan,nan,nan,nan,nan,nan,nan,nan,nan,nan,nan,nan,nan,nan,nan,nan,nan,nan,nan,nan,nan,nan,nan,nan,nan,nan,nan,nan,nan,nan,nan,nan,nan,nan,nan,nan,nan,nan,nan,nan,nan,nan,nan,nan,nan,nan,nan,nan,nan,nan,nan,nan,nan,nan,nan
nan,nan,nan,nan,nan,nan,nan,nan,nan,nan,nan,nan,nan,nan,nan,nan,nan,nan,nan,nan,nan,nan,nan,nan,nan,nan,nan,nan,nan,nan,nan,nan,nan,nan,nan,nan,nan,nan,nan,nan,nan,nan,nan,nan,nan,nan,nan,nan,nan,nan,nan,nan,nan,nan,nan,nan,nan,nan,nan,nan,nan,nan,nan,nan,nan,nan,nan,nan,nan,nan,nan,nan,nan,nan,nan,nan,nan,nan,nan,nan,nan,nan,nan,nan,nan,nan,nan,nan,nan,nan,nan,nan,nan,nan,nan,nan,nan,nan,nan,nan,nan,nan,nan,nan,nan,nan,nan,nan,nan,nan,nan,nan,nan,nan,nan,nan,nan,nan,nan
nan,nan,nan,nan,nan,nan,nan,nan,nan,nan,nan,nan,nan,nan,nan,nan,nan,nan,nan,nan,nan,nan,nan,nan,nan,nan,nan,nan,nan,nan,nan,nan,nan,nan,nan,nan,nan,nan,nan,nan,nan,nan,nan,nan,nan,nan,nan,nan,nan,nan,nan,nan,nan,nan,nan,nan,nan,nan,nan,nan,nan,nan,nan,nan,nan,nan,nan,nan,nan,nan,nan,nan,nan,nan,nan,nan,nan,nan,nan,nan,nan,nan,nan,nan,nan,nan,nan,nan,nan,nan,nan,nan,nan,nan,nan,nan,nan,nan,nan,nan,nan,nan,nan,nan,nan,nan,nan,nan,nan,nan,nan,nan,nan,nan,nan,nan,nan,nan,nan
nan,nan,nan,nan,nan,nan,nan,nan,nan,nan,nan,nan,nan,nan,nan,nan,nan,nan,nan,nan,nan,nan,nan,nan,nan,nan,nan,nan,nan,nan,nan,nan,nan,nan,nan,nan,nan,nan,nan,nan,nan,nan,nan,nan,nan,nan,nan,nan,nan,nan,nan,nan,nan,nan,nan,nan,nan,nan,nan,nan,nan,nan,nan,nan,nan,nan,nan,nan,nan,nan,nan,nan,nan,nan,nan,nan,nan,nan,nan,nan,nan,nan,nan,nan,nan,nan,nan,nan,nan,nan,nan,nan,nan,nan,nan,nan,nan,nan,nan,nan,nan,nan,nan,nan,nan,nan,nan,nan,nan,nan,nan,nan,nan,nan,nan,nan,nan,nan,nan
nan,nan,nan,nan,nan,nan,nan,nan,nan,nan,nan,nan,nan,nan,nan,nan,nan,nan,nan,nan,nan,nan,nan,nan,nan,nan,nan,nan,nan,nan,nan,nan,nan,nan,nan,nan,nan,nan,nan,nan,nan,nan,nan,nan,nan,nan,nan,nan,nan,nan,nan,nan,nan,nan,nan,nan,nan,nan,nan,nan,nan,nan,nan,nan,nan,nan,nan,nan,nan,nan,nan,nan,nan,nan,nan,nan,nan,nan,nan,nan,nan,nan,nan,nan,nan,nan,nan,nan,nan,nan,nan,nan,nan,nan,nan,nan,nan,nan,nan,nan,nan,nan,nan,nan,nan,nan,nan,nan,nan,nan,nan,nan,nan,nan,nan,nan,nan,nan,nan
nan,nan,nan,nan,nan,nan,nan,nan,nan,nan,nan,nan,nan,nan,nan,nan,nan,nan,nan,nan,nan,nan,nan,nan,nan,nan,nan,nan,nan,nan,nan,nan,nan,nan,nan,nan,nan,nan,nan,nan,nan,nan,nan,nan,nan,nan,nan,nan,nan,nan,nan,nan,nan,nan,nan,nan,nan,nan,nan,nan,nan,nan,nan,nan,nan,nan,nan,nan,nan,nan,nan,nan,nan,nan,nan,nan,nan,nan,nan,nan,nan,nan,nan,nan,nan,nan,nan,nan,nan,nan,nan,nan,nan,nan,nan,nan,nan,nan,nan,nan,nan,nan,nan,nan,nan,nan,nan,nan,nan,nan,nan,nan,nan,nan,nan,nan,nan,nan,nan
nan,nan,nan,nan,nan,nan,nan,nan,nan,nan,nan,nan,nan,nan,nan,nan,nan,nan,nan,nan,nan,nan,nan,nan,nan,nan,nan,nan,nan,nan,nan,nan,nan,nan,nan,nan,nan,nan,nan,nan,nan,nan,nan,nan,nan,nan,nan,nan,nan,nan,nan,nan,nan,nan,nan,nan,nan,nan,nan,nan,nan,nan,nan,nan,nan,nan,nan,nan,nan,nan,nan,nan,nan,nan,nan,nan,nan,nan,nan,nan,nan,nan,nan,nan,nan,nan,nan,nan,nan,nan,nan,nan,nan,nan,nan,nan,nan,nan,nan,nan,nan,nan,nan,nan,nan,nan,nan,nan,nan,nan,nan,nan,nan,nan,nan,nan,nan,nan,nan
nan,nan,nan,nan,nan,nan,nan,nan,nan,nan,nan,nan,nan,nan,nan,nan,nan,nan,nan,nan,nan,nan,nan,nan,nan,nan,nan,nan,nan,nan,nan,nan,nan,nan,nan,nan,nan,nan,nan,nan,nan,nan,nan,nan,nan,nan,nan,nan,nan,nan,nan,nan,nan,nan,nan,nan,nan,nan,nan,nan,nan,nan,nan,nan,nan,nan,nan,nan,nan,nan,nan,nan,nan,nan,nan,nan,nan,nan,nan,nan,nan,nan,nan,nan,nan,nan,nan,nan,nan,nan,nan,nan,nan,nan,nan,nan,nan,nan,nan,nan,nan,nan,nan,nan,nan,nan,nan,nan,nan,nan,nan,nan,nan,nan,nan,nan,nan,nan,nan
nan,nan,nan,nan,nan,nan,nan,nan,nan,nan,nan,nan,nan,nan,nan,nan,nan,nan,nan,nan,nan,nan,nan,nan,nan,nan,nan,nan,nan,nan,nan,nan,nan,nan,nan,nan,nan,nan,nan,nan,nan,nan,nan,nan,nan,nan,nan,nan,nan,nan,nan,nan,nan,nan,nan,nan,nan,nan,nan,nan,nan,nan,nan,nan,nan,nan,nan,nan,nan,nan,nan,nan,nan,nan,nan,nan,nan,nan,nan,nan,nan,nan,nan,nan,nan,nan,nan,nan,nan,nan,nan,nan,nan,nan,nan,nan,nan,nan,nan,nan,nan,nan,nan,nan,nan,nan,nan,nan,nan,nan,nan,nan,nan,nan,nan,nan,nan,nan,nan
nan,nan,nan,nan,nan,nan,nan,nan,nan,nan,nan,nan,nan,nan,nan,nan,nan,nan,nan,nan,nan,nan,nan,nan,nan,nan,nan,nan,nan,nan,nan,nan,nan,nan,nan,nan,nan,nan,nan,nan,nan,nan,nan,nan,nan,nan,nan,nan,nan,nan,nan,nan,nan,nan,nan,nan,nan,nan,nan,-1.364766955375671387e-01,-8.138424158096313477e-02,nan,nan,nan,nan,nan,nan,nan,nan,nan,nan,nan,nan,nan,nan,nan,nan,nan,nan,nan,nan,nan,nan,nan,nan,nan,nan,nan,nan,nan,nan,nan,nan,nan,nan,nan,nan,nan,nan,nan,nan,nan,nan,nan,nan,nan,nan,nan,nan,nan,nan,nan,nan,nan,nan,nan,nan,nan,nan
nan,nan,nan,nan,nan,nan,nan,nan,nan,nan,nan,nan,nan,nan,nan,nan,nan,nan,nan,nan,nan,nan,nan,nan,nan,nan,nan,nan,nan,nan,nan,nan,nan,nan,nan,nan,nan,nan,nan,nan,nan,nan,nan,1.072197198867797852e+00,8.857522010803222656e-01,nan,nan,nan,nan,nan,6.225224137306213379e-01,4.963455498218536377e-01,nan,nan,nan,nan,nan,nan,nan,8.351686596870422363e-02,-2.385525465011596680e+00,-9.078498482704162598e-01,-5.390498638153076172e-01,nan,nan,nan,nan,nan,nan,nan,nan,nan,nan,nan,nan,nan,nan,nan,nan,nan,nan,nan,nan,nan,nan,nan,nan,nan,nan,nan,nan,nan,nan,nan,nan,nan,nan,nan,nan,nan,nan,nan,nan,nan,nan,nan,nan,nan,nan,nan,nan,nan,nan,nan,nan,nan,nan,nan,nan
nan,nan,nan,nan,nan,nan,nan,nan,nan,nan,nan,nan,nan,nan,nan,nan,nan,nan,nan,nan,nan,nan,nan,nan,nan,nan,nan,nan,nan,nan,nan,nan,nan,nan,nan,nan,nan,nan,nan,nan,nan,nan,1.877538681030273438e+00,-1.428934574127197266e+00,-1.621496558189392090e+00,2.122751712799072266e+00,1.626635193824768066e+00,1.318428754806518555e+00,1.182398557662963867e+00,3.924035549163818359e+00,1.729647755622863770e+00,-3.422154486179351807e-01,9.832607507705688477e-01,2.387486994266510010e-01,-4.219312667846679688e-01,nan,nan,nan,nan,-6.661495566368103027e-01,2.635658264160156250e+00,2.318105220794677734e+00,1.004634380340576172e+00,nan,nan,nan,nan,nan,nan,nan,nan,nan,nan,nan,nan,nan,nan,nan,nan,nan,nan,nan,nan,nan,nan,nan,nan,nan,nan,nan,nan,nan,nan,nan,nan,nan,nan,nan,nan,nan,nan,nan,nan,nan,nan,nan,nan,nan,nan,nan,nan,nan,nan,nan,nan,nan,nan,nan,nan
nan,nan,nan,nan,nan,nan,nan,nan,nan,nan,nan,nan,nan,nan,nan,nan,nan,nan,nan,nan,nan,nan,nan,nan,nan,nan,nan,nan,nan,nan,nan,nan,nan,nan,nan,nan,nan,nan,nan,nan,nan,1.928563117980957031e+00,1.497357606887817383e+00,-1.193545341491699219e+00,-4.901870250701904297e+00,-1.500123620033264160e+00,-1.858532190322875977e+00,-6.735815405845642090e-01,8.761717677116394043e-01,7.642092227935791016e+00,6.075222015380859375e+00,1.966936230659484863e+00,-2.347600460052490234e-02,4.484007656574249268e-01,1.876548409461975098e+00,-1.907646417617797852e+00,nan,nan,nan,nan,nan,-3.129801750183105469e+00,2.772024869918823242e-01,nan,nan,nan,nan,nan,nan,nan,nan,nan,nan,nan,nan,nan,nan,nan,nan,nan,nan,nan,nan,nan,nan,nan,nan,nan,nan,nan,nan,nan,nan,nan,nan,nan,nan,nan,nan,nan,nan,nan,nan,nan,nan,nan,nan,nan,nan,nan,nan,nan,nan,nan,nan,nan,nan,nan,nan
nan,nan,nan,nan,nan,nan,nan,nan,nan,nan,nan,nan,nan,nan,nan,nan,nan,nan,nan,nan,nan,nan,nan,nan,nan,nan,nan,nan,nan,nan,nan,nan,nan,nan,nan,nan,nan,nan,nan,nan,3.930710315704345703e+00,-7.856774330139160156e-02,5.725613594055175781e+00,-3.474216938018798828e+00,4.329550266265869141e+00,2.810096740722656250e+00,2.267401218414306641e-01,-2.568723678588867188e+00,-2.226641178131103516e+00,2.923816919326782227e+00,2.527752399444580078e+00,-7.357599735260009766e-01,-3.357070922851562500e+00,-4.412302970886230469e+00,-2.213682174682617188e+00,-9.587799757719039917e-02,8.294595777988433838e-02,nan,nan,nan,nan,-9.675787687301635742e-01,-5.992565631866455078e+00,9.302597045898437500e+00,-3.689857006072998047e+00,2.762141078710556030e-02,nan,-2.057343959808349609e+00,nan,nan,nan,nan,nan,nan,nan,nan,nan,nan,nan,nan,nan,nan,nan,nan,nan,nan,nan,nan,nan,nan,nan,nan,nan,nan,nan,nan,nan,nan,nan,nan,nan,nan,nan,nan,nan,nan,nan,nan,nan,nan,nan,nan,nan,nan,nan,nan,nan,nan,nan
nan,nan,nan,nan,nan,nan,nan,nan,nan,nan,nan,nan,nan,nan,nan,nan,nan,nan,nan,nan,nan,nan,nan,nan,nan,nan,nan,nan,nan,nan,nan,nan,nan,nan,nan,nan,nan,nan,nan,5.477359294891357422e+00,-6.065198183059692383e-01,8.070471763610839844e+00,5.906416416168212891e+00,2.537627220153808594e+00,7.726378440856933594e+00,1.265642356872558594e+01,2.636045217514038086e+00,1.725701212882995605e+00,-1.151563763618469238e+00,-3.477923154830932617e+00,-6.615442276000976562e+00,-1.525618553161621094e+00,-1.217833995819091797e+00,nan,nan,nan,nan,nan,nan,nan,1.969506144523620605e-01,-5.851391792297363281e+00,-6.524405479431152344e+00,9.639613151550292969e+00,-8.715994834899902344e+00,-3.544572353363037109e+00,-8.141884803771972656e-01,-3.084816694259643555e+00,-3.028528690338134766e+00,nan,nan,nan,nan,nan,nan,nan,nan,nan,nan,nan,nan,nan,nan,nan,nan,nan,nan,nan,nan,nan,nan,nan,nan,nan,nan,nan,nan,nan,nan,nan,nan,nan,nan,nan,nan,nan,nan,nan,nan,nan,nan,nan,nan,nan,nan,nan,nan,nan,nan
nan,nan,nan,nan,nan,nan,nan,nan,nan,nan,nan,nan,nan,nan,nan,nan,nan,nan,nan,nan,nan,nan,nan,nan,nan,nan,nan,nan,nan,nan,nan,nan,nan,nan,nan,5.513553619384765625e+00,6.821094512939453125e+00,7.104260444641113281e+00,7.422774314880371094e+00,-4.120586395263671875e+00,-3.229681968688964844e+00,-6.088334321975708008e-01,8.798849105834960938e+00,4.851421833038330078e+00,8.330426216125488281e+00,9.178474426269531250e+00,9.101404190063476562e+00,1.857384443283081055e+00,2.094809770584106445e+00,-1.699795722961425781e-01,-1.064751029014587402e+00,-1.373659372329711914e-01,-2.237857580184936523e+00,nan,nan,nan,nan,nan,nan,nan,nan,-3.536520004272460938e+00,-1.401129603385925293e+00,-5.742814064025878906e+00,-5.066449165344238281e+00,-3.385809898376464844e+00,-3.618788719177246094e+00,-2.009631395339965820e+00,-6.680715084075927734e-02,-3.092247486114501953e+00,nan,nan,nan,nan,nan,nan,nan,nan,nan,nan,nan,nan,nan,nan,nan,nan,nan,nan,nan,nan,nan,nan,nan,nan,nan,nan,nan,nan,nan,nan,nan,nan,nan,nan,nan,nan,nan,nan,nan,nan,nan,nan,nan,nan,nan,nan,nan,nan,nan
nan,nan,nan,nan,nan,nan,nan,nan,nan,nan,nan,nan,nan,nan,nan,nan,nan,nan,nan,nan,nan,nan,nan,nan,nan,nan,nan,nan,nan,nan,1.997542619705200195e+00,3.443359136581420898e+00,4.473353385925292969e+00,5.459433078765869141e+00,-7.197618484497070312e-01,5.065262794494628906e+00,nan,nan,nan,1.203553485870361328e+01,9.952101707458496094e+00,9.554127454757690430e-01,7.364366531372070312e+00,9.347509384155273438e+00,1.083541870117187500e+01,5.018149375915527344e+00,9.328385353088378906e+00,7.820253849029541016e+00,9.320108413696289062e+00,1.001128387451171875e+01,2.244865417480468750e+00,5.748865127563476562e+00,6.067339181900024414e-01,1.769359588623046875e+00,1.121777772903442383e+00,nan,nan,nan,nan,nan,2.410557985305786133e+00,4.372212409973144531e+00,1.870953083038330078e+00,1.512773871421813965e+00,2.037330865859985352e+00,1.908926963806152344e-01,-3.841699123382568359e+00,-2.326567649841308594e+00,-3.969686269760131836e+00,nan,nan,nan,nan,nan,nan,nan,nan,nan,nan,nan,nan,nan,nan,nan,nan,nan,nan,nan,nan,nan,nan,nan,nan,nan,nan,nan,nan,nan,nan,nan,nan,nan,nan,nan,nan,nan,nan,nan,nan,nan,nan,nan,nan,nan,nan,nan,nan,nan,nan
nan,nan,nan,nan,nan,nan,nan,nan,nan,nan,nan,nan,nan,nan,nan,nan,nan,nan,nan,nan,nan,nan,nan,nan,nan,nan,nan,nan,5.012073516845703125e-01,1.887900829315185547e+00,-5.299436569213867188e+00,-5.542310237884521484e+00,3.919343471527099609e+00,4.499775409698486328e+00,8.984260559082031250e+00,9.549891471862792969e+00,nan,nan,nan,1.809205245971679688e+01,1.916658782958984375e+01,5.591755867004394531e+00,5.938838481903076172e+00,1.127390670776367188e+01,1.009577941894531250e+01,1.393314170837402344e+01,1.461485385894775391e+01,1.657983398437500000e+01,1.214003944396972656e+01,7.795308113098144531e+00,2.549694538116455078e+00,1.040711784362792969e+01,nan,nan,nan,nan,-3.067799806594848633e-01,5.071077346801757812e+00,1.443784952163696289e+00,8.473034858703613281e+00,7.216247558593750000e+00,2.217947959899902344e+00,3.086494445800781250e+00,4.787919044494628906e+00,1.743972063064575195e+00,-3.716729640960693359e+00,-4.168885052204132080e-01,-2.859845638275146484e+00,-1.147504043579101562e+01,nan,nan,nan,nan,nan,nan,nan,nan,nan,nan,nan,nan,nan,nan,nan,nan,nan,nan,nan,nan,nan,nan,nan,nan,nan,nan,nan,nan,nan,nan,nan,nan,nan,nan,nan,nan,nan,nan,nan,nan,nan,nan,nan,nan,nan,nan,nan,nan,nan,nan
nan,nan,nan,nan,nan,nan,nan,nan,nan,nan,nan,nan,nan,nan,nan,nan,nan,nan,nan,nan,nan,nan,nan,nan,nan,nan,nan,nan,nan,nan,6.762320041656494141e+00,7.543041706085205078e-01,-7.158938884735107422e+00,-2.418601036071777344e+00,1.004783153533935547e+01,7.562599658966064453e+00,nan,nan,nan,1.071239280700683594e+01,2.031872177124023438e+01,7.803321838378906250e+00,1.253415298461914062e+01,1.479359531402587891e+01,1.385914802551269531e+01,1.320392417907714844e+01,1.628304862976074219e+01,1.857710647583007812e+01,1.376529312133789062e+01,1.344676780700683594e+01,4.216437339782714844e+00,7.627589702606201172e+00,1.741888403892517090e+00,nan,nan,nan,9.980472564697265625e+00,2.709832668304443359e+00,1.179543733596801758e-01,3.463669300079345703e+00,-4.654487133026123047e+00,-4.895906448364257812e+00,-2.277204275131225586e+00,-1.329933643341064453e+00,-2.939126014709472656e+00,-7.388846397399902344e+00,-1.067638635635375977e+00,-5.694653391838073730e-01,-5.199317932128906250e+00,nan,nan,nan,nan,nan,nan,nan,nan,nan,nan,nan,nan,nan,nan,nan,nan,nan,nan,nan,nan,nan,nan,nan,nan,nan,nan,nan,nan,nan,nan,nan,nan,nan,nan,nan,nan,nan,nan,nan,nan,nan,nan,nan,nan,nan,nan,nan,nan,nan,nan
nan,nan,nan,nan,nan,nan,nan,nan,nan,nan,nan,nan,nan,nan,nan,nan,nan,nan,nan,nan,nan,nan,nan,nan,nan,nan,nan,nan,nan,nan,nan,nan,-1.410350680351257324e+00,-1.311043739318847656e+00,1.409061717987060547e+01,1.571686267852783203e+00,8.924896240234375000e+00,9.072854042053222656e+00,2.038726806640625000e+01,2.183335876464843750e+01,-4.524617195129394531e-01,1.353980731964111328e+01,1.981331634521484375e+01,1.985620117187500000e+01,2.071464538574218750e+01,1.551240348815917969e+01,1.068426990509033203e+01,9.996009826660156250e+00,3.085162639617919922e+00,7.718681335449218750e+00,1.767506837844848633e+00,9.171863794326782227e-01,4.036970138549804688e-01,2.394690275192260742e+00,-9.803116321563720703e-01,2.228529930114746094e+00,7.221538543701171875e+00,2.538085222244262695e+00,1.161631822586059570e+00,-3.447183966636657715e-01,-1.417271614074707031e+01,-1.093163108825683594e+01,-5.310986518859863281e+00,-5.688051700592041016e+00,-6.997905731201171875e+00,-6.759929656982421875e+00,-4.064139366149902344e+00,-2.413119792938232422e+00,-5.267977118492126465e-01,nan,nan,nan,nan,nan,nan,nan,nan,nan,nan,nan,nan,nan,nan,nan,nan,nan,nan,nan,nan,nan,nan,nan,nan,nan,nan,nan,nan,nan,nan,nan,nan,nan,nan,nan,nan,nan,nan,nan,nan,nan,nan,nan,nan,nan,nan,nan,nan,nan,nan
nan,nan,nan,nan,nan,nan,nan,nan,nan,nan,nan,nan,nan,nan,nan,nan,nan,nan,nan,nan,nan,nan,nan,nan,nan,nan,nan,nan,nan,nan,nan,nan,2.267071914672851562e+01,1.063568782806396484e+01,2.350905227661132812e+01,2.710151100158691406e+01,2.404537200927734375e+01,2.124794387817382812e+01,2.062479019165039062e+01,2.178326034545898438e+01,8.053923606872558594e+00,1.468337059020996094e+01,2.277251815795898438e+01,1.639955520629882812e+01,9.872415542602539062e+00,1.284936618804931641e+01,8.132382392883300781e+00,2.256410360336303711e+00,-1.210775732994079590e+00,1.266001701354980469e+01,8.805676460266113281e+00,2.267385959625244141e+00,7.780592441558837891e-01,-8.329850435256958008e-01,-3.538943767547607422e+00,-1.297896504402160645e+00,-3.504329204559326172e+00,-1.002877426147460938e+01,-3.506830692291259766e+00,-5.922558784484863281e+00,-1.613614845275878906e+01,-1.514601135253906250e+01,-7.618269920349121094e+00,-6.126533031463623047e+00,-4.907549858093261719e+00,-4.666586399078369141e+00,-5.346282005310058594e+00,-4.237950325012207031e+00,-2.079192161560058594e+00,-3.782945156097412109e+00,nan,nan,nan,nan,nan,nan,nan,nan,nan,nan,nan,nan,nan,nan,nan,nan,nan,nan,nan,nan,nan,nan,nan,nan,nan,nan,nan,nan,nan,nan,nan,nan,nan,nan,nan,nan,nan,nan,nan,nan,nan,nan,nan,nan,nan,nan,nan,nan,nan
nan,nan,nan,nan,nan,nan,nan,nan,nan,nan,nan,nan,nan,nan,nan,nan,nan,nan,nan,nan,nan,nan,nan,nan,nan,nan,nan,nan,nan,nan,nan,nan,2.128380966186523438e+01,2.390526962280273438e+01,2.298072242736816406e+01,2.702218437194824219e+01,3.146097183227539062e+01,3.091334724426269531e+01,3.004629135131835938e+01,2.559830474853515625e+01,1.536257457733154297e+01,1.890101623535156250e+01,2.233462905883789062e+01,1.364635467529296875e+01,1.046464729309082031e+01,1.023650360107421875e+01,1.032508087158203125e+01,1.115199947357177734e+01,5.826338768005371094e+00,7.354977130889892578e+00,4.642196178436279297e+00,2.817855834960937500e+00,6.761959195137023926e-01,2.101850032806396484e+00,-5.660184860229492188e+00,-4.450890541076660156e+00,-4.582775115966796875e+00,-5.764824390411376953e+00,-1.259659290313720703e+01,-1.453968238830566406e+01,-5.496350765228271484e+00,-1.144413375854492188e+01,-5.348691463470458984e+00,-2.757162094116210938e+00,-5.696801185607910156e+00,-6.676601409912109375e+00,-3.906079292297363281e+00,-7.560712814331054688e+00,3.821474790573120117e+00,nan,nan,nan,nan,nan,nan,nan,nan,nan,nan,nan,nan,nan,nan,nan,nan,nan,nan,nan,nan,nan,nan,nan,nan,nan,nan,nan,nan,nan,nan,nan,nan,nan,nan,nan,nan,nan,nan,nan,nan,nan,nan,nan,nan,nan,nan,nan,nan,nan,nan
nan,nan,nan,nan,nan,nan,nan,nan,nan,nan,nan,nan,nan,nan,nan,nan,nan,nan,nan,nan,nan,nan,nan,nan,nan,nan,nan,nan,nan,nan,nan,nan,3.063005065917968750e+01,2.326510429382324219e+01,3.086534118652343750e+01,3.717897033691406250e+01,3.303463745117187500e+01,3.403364562988281250e+01,2.897396469116210938e+01,2.285042190551757812e+01,2.239179611206054688e+01,2.098256301879882812e+01,1.586122035980224609e+01,1.447649955749511719e+01,1.321156311035156250e+01,1.039298343658447266e+01,1.044844341278076172e+01,7.954884529113769531e+00,3.720251083374023438e+00,1.464150667190551758e+00,4.457356452941894531e+00,2.751177787780761719e+00,1.700938224792480469e+00,-6.174824237823486328e-01,1.350247859954833984e-01,-2.166844367980957031e+00,-4.418702602386474609e+00,-5.756948471069335938e+00,-1.419092559814453125e+01,-1.524125671386718750e+01,-1.249059677124023438e+01,-1.214295673370361328e+01,-2.515950918197631836e+00,-1.341957569122314453e+00,-4.299933910369873047e+00,-7.968455314636230469e+00,-4.594732284545898438e+00,-6.506422042846679688e+00,1.368545532226562500e+00,nan,nan,nan,nan,nan,nan,nan,nan,nan,nan,nan,nan,nan,nan,nan,nan,nan,nan,nan,nan,nan,nan,nan,nan,nan,nan,nan,nan,nan,nan,nan,nan,nan,nan,nan,nan,nan,nan,nan,nan,nan,nan,nan,nan,nan,nan,nan,nan,nan,nan
nan,nan,nan,nan,nan,nan,nan,nan,nan,nan,nan,nan,nan,nan,nan,nan,nan,nan,nan,nan,nan,nan,nan,nan,nan,nan,nan,nan,nan,nan,nan,nan,2.781291198730468750e+01,1.651328659057617188e+01,2.707939910888671875e+01,3.238985061645507812e+01,3.038209915161132812e+01,3.205339050292968750e+01,2.614952278137207031e+01,1.253442955017089844e+01,1.579658222198486328e+01,1.967996406555175781e+01,1.613792419433593750e+01,1.280009078979492188e+01,1.411056041717529297e+01,1.358794593811035156e+01,9.877977371215820312e+00,5.890938758850097656e+00,5.095120429992675781e+00,4.039422512054443359e+00,2.062059879302978516e+00,4.479615688323974609e+00,6.274399280548095703e+00,-3.599700927734375000e-01,-2.373688697814941406e+00,-4.747136592864990234e+00,-6.729134559631347656e+00,-1.048155403137207031e+01,-1.971492767333984375e+01,-1.420028114318847656e+01,-1.210659599304199219e+01,-1.309737777709960938e+01,-8.939358711242675781e+00,-5.126240730285644531e+00,-3.132869243621826172e+00,-2.931488990783691406e+00,-5.484860420227050781e+00,-8.043205261230468750e+00,-5.278622627258300781e+00,-4.940926551818847656e+00,nan,nan,nan,-8.392271041870117188e+00,nan,nan,-7.270793914794921875e+00,-6.998180866241455078e+00,nan,nan,nan,nan,nan,nan,nan,nan,nan,nan,nan,nan,nan,nan,nan,nan,nan,nan,nan,nan,nan,nan,nan,nan,nan,nan,nan,nan,nan,nan,nan,nan,nan,nan,nan,nan,nan,nan,nan,nan,nan
nan,nan,nan,nan,nan,nan,nan,nan,nan,nan,nan,nan,nan,nan,nan,nan,nan,nan,nan,nan,nan,nan,nan,nan,nan,nan,nan,nan,nan,nan,nan,nan,nan,3.061219978332519531e+01,2.578896713256835938e+01,3.610761642456054688e+01,3.850660705566406250e+01,3.053705978393554688e+01,2.334659576416015625e+01,1.831198310852050781e+01,1.778202629089355469e+01,2.186547088623046875e+01,2.090497589111328125e+01,1.723496246337890625e+01,1.513409805297851562e+01,1.431777381896972656e+01,1.042741966247558594e+01,7.104480266571044922e+00,5.194251537322998047e+00,4.379292011260986328e+00,1.538815975189208984e+00,5.609607219696044922e+00,6.076583862304687500e+00,8.120007514953613281e-01,-6.378180980682373047e+00,-6.520627975463867188e+00,-1.011098289489746094e+01,-1.213604640960693359e+01,-1.381707763671875000e+01,-1.358722114562988281e+01,-1.261375045776367188e+01,-1.212388706207275391e+01,-1.579749298095703125e+01,-8.149267196655273438e+00,-1.719617486000061035e+00,-1.435402035713195801e+00,-3.461811780929565430e+00,-8.225485801696777344e+00,-4.413794517517089844e+00,-5.897419929504394531e+00,nan,nan,nan,-1.028544521331787109e+01,5.731455802917480469e+00,-9.403153419494628906e+00,nan,8.408902883529663086e-01,-7.824666798114776611e-02,-8.451763153076171875e+00,nan,nan,-1.007634925842285156e+01,nan,nan,nan,nan,nan,nan,nan,nan,nan,nan,nan,nan,nan,nan,nan,nan,nan,nan,nan,nan,nan,nan,nan,nan,nan,nan,nan,nan,nan,nan,nan,nan,nan,nan,nan,nan
nan,nan,nan,nan,nan,nan,nan,nan,nan,nan,nan,nan,nan,nan,nan,nan,nan,nan,nan,nan,nan,nan,nan,nan,nan,nan,nan,nan,nan,nan,nan,nan,nan,3.794826507568359375e+01,3.844632720947265625e+01,3.861477661132812500e+01,3.686209869384765625e+01,2.892563438415527344e+01,2.212595748901367188e+01,2.096073722839355469e+01,1.993415832519531250e+01,2.003597259521484375e+01,2.094358444213867188e+01,1.718244934082031250e+01,1.494661235809326172e+01,1.257186698913574219e+01,6.317873954772949219e+00,5.618231773376464844e+00,4.305219650268554688e+00,2.590044498443603516e+00,-9.686071872711181641e-01,9.794641494750976562e+00,5.765128612518310547e+00,-1.122948884963989258e+00,-7.465929985046386719e+00,-1.392436599731445312e+01,-1.550472259521484375e+01,-1.097220039367675781e+01,-9.043637275695800781e+00,-1.150273895263671875e+01,-1.125326919555664062e+01,-1.162508392333984375e+01,-8.858416557312011719e+00,-1.515965843200683594e+01,-3.755509853363037109e+00,-4.258098125457763672e+00,-6.127017021179199219e+00,-7.416476249694824219e+00,-8.172204017639160156e+00,-2.566573143005371094e+00,nan,nan,nan,-1.142754650115966797e+01,-8.868389129638671875e+00,-8.859883308410644531e+00,nan,-2.934433460235595703e+00,-3.818515777587890625e+00,nan,nan,nan,nan,-1.110759544372558594e+01,nan,nan,nan,nan,nan,nan,nan,nan,nan,nan,nan,nan,nan,nan,nan,nan,nan,nan,nan,nan,nan,nan,nan,nan,nan,nan,nan,nan,nan,nan,nan,nan,nan,nan,nan
nan,nan,nan,nan,nan,nan,nan,nan,nan,nan,nan,nan,nan,nan,nan,nan,nan,nan,nan,nan,nan,nan,nan,nan,nan,nan,nan,nan,nan,nan,nan,nan,3.679092407226562500e+01,3.281972503662109375e+01,3.660398101806640625e+01,3.542578887939453125e+01,3.523719024658203125e+01,3.219441223144531250e+01,2.185885238647460938e+01,1.933033370971679688e+01,1.979185867309570312e+01,1.955821228027343750e+01,1.926917266845703125e+01,1.722148895263671875e+01,1.504115581512451172e+01,1.269660663604736328e+01,1.073880195617675781e+01,5.476697444915771484e+00,4.955456733703613281e+00,6.089391708374023438e+00,7.079637050628662109e-01,6.905398845672607422e+00,4.012608051300048828e+00,-4.247165203094482422e+00,-7.469241142272949219e+00,-1.103425407409667969e+01,-1.586717700958251953e+01,-1.271930122375488281e+01,-9.564743041992187500e+00,-1.220742321014404297e+01,-1.290869045257568359e+01,-1.242472648620605469e+01,-6.752126693725585938e+00,-6.597625255584716797e+00,-1.439782333374023438e+01,-1.303487110137939453e+01,-9.001347541809082031e+00,-3.941351890563964844e+00,-1.928232192993164062e+00,-8.386833190917968750e+00,nan,nan,nan,nan,-1.196956634521484375e+01,-1.413873481750488281e+01,-1.430841445922851562e+01,-8.954990386962890625e+00,-5.303599357604980469e+00,-7.493788242340087891e+00,-6.855566024780273438e+00,-8.771615028381347656e+00,-1.484548664093017578e+01,-1.765554046630859375e+01,-1.248655891418457031e+01,nan,nan,nan,nan,nan,nan,nan,nan,nan,nan,nan,nan,nan,nan,nan,nan,nan,nan,nan,nan,nan,nan,nan,nan,nan,nan,nan,nan,nan,nan,nan,nan,nan,nan
nan,nan,nan,nan,nan,nan,nan,nan,nan,nan,nan,nan,nan,nan,nan,nan,nan,nan,nan,nan,nan,nan,nan,nan,nan,nan,nan,nan,nan,nan,nan,5.206783294677734375e+01,3.928193664550781250e+01,3.689303970336914062e+01,3.532270812988281250e+01,3.571952819824218750e+01,3.573122406005859375e+01,3.256539535522460938e+01,3.431582641601562500e+01,3.234932327270507812e+01,2.191452407836914062e+01,1.661367225646972656e+01,1.618184852600097656e+01,1.632644653320312500e+01,1.384920406341552734e+01,1.162483406066894531e+01,9.990871429443359375e+00,4.687168598175048828e+00,9.196699142456054688e+00,-3.646852970123291016e-01,-5.115040779113769531e+00,8.712665557861328125e+00,8.380887985229492188e+00,-2.082991123199462891e+00,-6.733291625976562500e+00,-1.106452369689941406e+01,-1.321647644042968750e+01,-1.286869430541992188e+01,-1.301203536987304688e+01,-1.214747810363769531e+01,-1.357886219024658203e+01,-1.649394035339355469e+01,-1.208834075927734375e+01,-1.251729965209960938e+01,-1.407557392120361328e+01,-1.477433109283447266e+01,-1.628391075134277344e+01,-9.469156265258789062e+00,-5.255467414855957031e+00,nan,nan,nan,nan,-1.283331871032714844e+01,-2.228784751892089844e+01,-1.950208663940429688e+01,-1.483113479614257812e+01,-1.169168281555175781e+01,-1.082026004791259766e+01,-2.840298652648925781e+00,-4.295190811157226562e+00,-8.138517379760742188e+00,-1.580844688415527344e+01,-1.575740051269531250e+01,-1.058800315856933594e+01,-1.136852455139160156e+01,nan,nan,nan,nan,nan,nan,nan,nan,nan,nan,nan,nan,nan,nan,nan,nan,nan,nan,nan,nan,nan,nan,nan,nan,nan,nan,nan,nan,nan,nan,nan,nan,nan
nan,nan,nan,nan,nan,nan,nan,nan,nan,nan,nan,nan,nan,nan,nan,nan,nan,nan,nan,nan,nan,nan,nan,nan,nan,nan,nan,nan,nan,nan,nan,4.839483261108398438e+01,4.259923934936523438e+01,3.971256256103515625e+01,4.661377716064453125e+01,5.057122802734375000e+01,5.001324844360351562e+01,4.331472015380859375e+01,3.354440689086914062e+01,3.037754440307617188e+01,1.803655624389648438e+01,1.197861862182617188e+01,9.005554199218750000e+00,7.501538276672363281e+00,1.012372493743896484e+01,1.132934570312500000e+01,9.653643608093261719e+00,7.471076011657714844e+00,1.328119039535522461e+00,-5.336174011230468750e+00,-3.855003595352172852e+00,7.847858428955078125e+00,4.391274929046630859e+00,-4.547633647918701172e+00,-1.196866226196289062e+01,-8.436278343200683594e+00,-9.913309097290039062e+00,-1.208883285522460938e+01,-1.644843101501464844e+01,-1.416306877136230469e+01,-1.427644348144531250e+01,-1.561142539978027344e+01,-1.721926879882812500e+01,-1.833199310302734375e+01,-1.956092643737792969e+01,-1.684618377685546875e+01,-1.502672100067138672e+01,-1.191940307617187500e+01,-8.306101799011230469e+00,nan,nan,nan,nan,-1.323135948181152344e+01,-2.059487152099609375e+01,-1.631747436523437500e+01,-1.399397754669189453e+01,-1.182521247863769531e+01,-1.764105796813964844e+01,-8.359715461730957031e+00,-7.792255401611328125e+00,-1.172003555297851562e+01,-4.262697219848632812e+00,-9.654197692871093750e+00,-1.740021133422851562e+01,-1.272494316101074219e+01,nan,nan,nan,nan,nan,nan,nan,-4.117519378662109375e+00,nan,nan,nan,nan,nan,nan,nan,nan,nan,nan,nan,nan,nan,nan,nan,nan,nan,nan,nan,nan,nan,nan,nan,nan,nan
nan,nan,nan,nan,nan,nan,nan,nan,nan,nan,nan,nan,nan,nan,nan,nan,nan,nan,nan,nan,nan,nan,nan,nan,nan,nan,nan,nan,nan,nan,nan,6.604988098144531250e+01,6.061331558227539062e+01,6.637526702880859375e+01,6.607446289062500000e+01,5.753630828857421875e+01,4.893386077880859375e+01,3.391507339477539062e+01,2.698223876953125000e+01,2.676635551452636719e+01,1.669681549072265625e+01,1.001792335510253906e+01,9.457902908325195312e+00,8.776383399963378906e+00,1.014380359649658203e+01,1.166821575164794922e+01,1.191517066955566406e+01,1.117688369750976562e+01,7.528771400451660156e+00,2.714152812957763672e+00,-1.854122400283813477e+00,9.318178296089172363e-01,2.229997515678405762e-01,-5.180397033691406250e+00,-9.156929016113281250e+00,-8.601696014404296875e+00,-9.992051124572753906e+00,-1.066806793212890625e+01,-9.764364242553710938e+00,-1.251443481445312500e+01,-1.427334785461425781e+01,-1.524199104309082031e+01,-1.841850280761718750e+01,-1.368822669982910156e+01,-1.345084571838378906e+01,-1.240104675292968750e+01,-1.288317298889160156e+01,-1.323763942718505859e+01,-1.194345092773437500e+01,nan,nan,nan,-1.409866905212402344e+01,-1.372152519226074219e+01,-1.364348030090332031e+01,-1.383060646057128906e+01,-1.066873550415039062e+01,-1.667732810974121094e+01,-1.624172210693359375e+01,-1.042710304260253906e+01,-5.294741153717041016e+00,-1.530623245239257812e+01,-2.878738164901733398e+00,-4.153927803039550781e+00,-1.273595809936523438e+01,-1.677834320068359375e+01,-1.349536800384521484e+01,-2.223459815979003906e+01,-1.383022308349609375e+01,1.348726272583007812e+00,-5.953001976013183594e+00,-7.658245086669921875e+00,-3.431292533874511719e+00,-4.250892162322998047e+00,nan,nan,nan,nan,nan,nan,nan,nan,nan,nan,nan,nan,nan,nan,nan,nan,nan,nan,nan,nan,nan,nan,nan,nan,nan
nan,nan,nan,nan,nan,nan,nan,nan,nan,nan,nan,nan,nan,nan,nan,nan,nan,nan,nan,nan,nan,nan,nan,nan,nan,nan,nan,nan,nan,nan,7.668742370605468750e+01,8.727851104736328125e+01,8.153042602539062500e+01,7.691725158691406250e+01,7.008268737792968750e+01,6.632392883300781250e+01,4.723394775390625000e+01,3.513489151000976562e+01,2.666382408142089844e+01,2.234713745117187500e+01,9.525115013122558594e+00,1.012916946411132812e+01,1.086109924316406250e+01,7.448770523071289062e+00,3.826998710632324219e+00,9.324203491210937500e+00,1.122777557373046875e+01,9.161828041076660156e+00,-4.208078384399414062e+00,-2.998517990112304688e+00,-1.112616539001464844e+00,-2.030710220336914062e+00,-3.976711273193359375e+00,-8.789813995361328125e+00,-8.671485900878906250e+00,-3.760226964950561523e+00,-7.162940979003906250e+00,-8.290196418762207031e+00,-1.087220191955566406e+01,-1.235049533843994141e+01,-1.302609443664550781e+01,-1.760446548461914062e+01,-1.750365638732910156e+01,-1.070734977722167969e+01,-1.388630104064941406e+01,-1.504417037963867188e+01,-1.589197349548339844e+01,-1.356447410583496094e+01,-1.446931457519531250e+01,-8.591554641723632812e+00,nan,nan,-1.754660987854003906e+01,-1.003783226013183594e+01,-7.311393260955810547e+00,nan,nan,-2.083639144897460938e+01,-1.894253921508789062e+01,-2.167598152160644531e+01,-2.630439376831054688e+01,nan,nan,-1.144155979156494141e+01,2.566402673721313477e+00,-1.218225765228271484e+01,-1.869292259216308594e+01,-7.158506393432617188e+00,-3.741939067840576172e+00,1.033585071563720703e+00,7.075025558471679688e+00,-7.662773132324218750e-02,-5.121874809265136719e+00,-4.395454406738281250e+00,nan,nan,nan,nan,nan,nan,nan,nan,nan,nan,nan,nan,nan,nan,nan,nan,nan,nan,nan,nan,nan,nan,nan,nan,nan
nan,nan,nan,nan,nan,nan,nan,nan,nan,nan,nan,nan,nan,nan,nan,nan,nan,nan,nan,nan,nan,nan,nan,nan,nan,nan,nan,nan,nan,5.666419982910156250e+01,8.749098205566406250e+01,9.361581420898437500e+01,9.285897064208984375e+01,7.636856842041015625e+01,6.594624328613281250e+01,6.658666992187500000e+01,4.149450302124023438e+01,3.604956054687500000e+01,2.959319686889648438e+01,1.733242416381835938e+01,1.022860908508300781e+01,8.149031639099121094e+00,6.739262580871582031e+00,8.085073471069335938e+00,7.094281196594238281e+00,5.775578022003173828e+00,1.292278409004211426e+00,8.640311241149902344e+00,-7.613384246826171875e+00,-6.540024757385253906e+00,-4.372362136840820312e+00,-2.367160797119140625e+00,-1.759872674942016602e+00,-6.968223571777343750e+00,-6.372574329376220703e+00,-6.577565193176269531e+00,-8.023669242858886719e+00,-9.123080253601074219e+00,-1.262069129943847656e+01,-1.307899284362792969e+01,-1.376280593872070312e+01,-1.319144344329833984e+01,-1.414340782165527344e+01,-1.539577484130859375e+01,-1.623738479614257812e+01,-1.687690734863281250e+01,-1.774314117431640625e+01,-1.767724990844726562e+01,-1.534054565429687500e+01,-1.455478668212890625e+01,-8.509641647338867188e+00,-9.477115631103515625e+00,-1.858421134948730469e+01,nan,-1.629523849487304688e+01,nan,nan,-2.127672576904296875e+01,-2.372458648681640625e+01,-2.364501190185546875e+01,-1.976401901245117188e+01,nan,nan,nan,nan,-4.066007137298583984e+00,-1.798161888122558594e+01,-1.364700794219970703e+01,-4.319158077239990234e+00,-4.210502624511718750e+00,4.431091308593750000e+00,-2.973291397094726562e+00,-2.166383552551269531e+01,nan,nan,nan,nan,nan,nan,nan,nan,nan,nan,nan,nan,nan,nan,nan,nan,nan,nan,nan,nan,nan,nan,nan,nan,nan,nan
nan,nan,nan,nan,nan,nan,nan,nan,nan,nan,nan,nan,nan,nan,nan,nan,nan,nan,nan,nan,nan,nan,nan,nan,nan,nan,nan,nan,8.497602844238281250e+01,7.857992553710937500e+01,9.071688842773437500e+01,9.618955993652343750e+01,9.091151428222656250e+01,7.545079040527343750e+01,6.728050231933593750e+01,6.175201797485351562e+01,3.901432418823242188e+01,3.297666931152343750e+01,2.461401748657226562e+01,1.855797576904296875e+01,1.073824882507324219e+01,7.183536052703857422e+00,7.007915496826171875e+00,8.487195968627929688e+00,6.411140918731689453e+00,-7.969239354133605957e-02,-6.836129665374755859e+00,-2.931723356246948242e+00,-1.871980428695678711e+00,-4.967909336090087891e+00,-7.702447891235351562e+00,-5.609864234924316406e+00,-5.026448249816894531e+00,-7.244435310363769531e+00,-7.304636478424072266e+00,-8.130331039428710938e+00,-1.119302463531494141e+01,-1.438515853881835938e+01,-1.286119461059570312e+01,-1.250408172607421875e+01,-1.191977691650390625e+01,-1.167212009429931641e+01,-1.166270828247070312e+01,-1.356066513061523438e+01,-1.710136413574218750e+01,-1.790794754028320312e+01,-1.866211128234863281e+01,-1.956443405151367188e+01,-1.851229858398437500e+01,-1.776372718811035156e+01,-1.772932243347167969e+01,-1.667225456237792969e+01,-8.973194122314453125e+00,nan,-8.676716804504394531e+00,-2.100616455078125000e+01,-9.841221809387207031e+00,-1.853556823730468750e+01,-2.138529014587402344e+01,-9.557289123535156250e+00,-1.195219612121582031e+01,nan,nan,nan,nan,nan,-8.380797386169433594e+00,-7.621407032012939453e+00,-5.767482757568359375e+00,-6.519065380096435547e+00,-4.889947414398193359e+00,-8.197268486022949219e+00,-4.617272853851318359e+00,nan,nan,nan,nan,nan,nan,nan,nan,nan,nan,nan,nan,nan,nan,nan,nan,nan,nan,nan,nan,nan,nan,nan,nan,nan,nan
nan,nan,nan,nan,nan,nan,nan,nan,nan,nan,nan,nan,nan,nan,nan,nan,nan,nan,nan,nan,nan,nan,nan,nan,nan,nan,nan,nan,6.838894653320312500e+01,8.594006347656250000e+01,9.686691284179687500e+01,9.481541442871093750e+01,9.307009887695312500e+01,7.279548645019531250e+01,6.790801239013671875e+01,4.644820404052734375e+01,3.382539367675781250e+01,2.705561447143554688e+01,1.700111770629882812e+01,1.201313781738281250e+01,9.537187576293945312e+00,8.388098716735839844e+00,6.583032608032226562e+00,1.507356882095336914e+00,-1.959122180938720703e+00,-4.455935955047607422e+00,-5.577467441558837891e+00,1.863099336624145508e-01,-2.066564798355102539e+00,-3.775707721710205078e+00,-7.415652751922607422e+00,-6.532167434692382812e+00,-7.585426330566406250e+00,-9.544529914855957031e+00,-9.030065536499023438e+00,-9.724393844604492188e+00,-1.136075973510742188e+01,-1.494503211975097656e+01,-1.137417984008789062e+01,-1.090101718902587891e+01,-1.194849395751953125e+01,-1.200947761535644531e+01,-1.414944934844970703e+01,-1.566151905059814453e+01,-1.831926155090332031e+01,-1.992756080627441406e+01,-2.114638519287109375e+01,-1.805764198303222656e+01,-1.946581840515136719e+01,-1.643330574035644531e+01,-1.545334243774414062e+01,-2.043541908264160156e+01,-2.170520019531250000e+01,-1.905848121643066406e+01,-2.292802429199218750e+01,-2.435705947875976562e+01,-1.872044372558593750e+01,-1.758613395690917969e+01,-1.550818634033203125e+01,-8.174828529357910156e+00,-8.615970611572265625e+00,-1.050830936431884766e+01,nan,nan,nan,nan,nan,nan,-6.808284282684326172e+00,-6.355287075042724609e+00,-4.188123703002929688e+00,-5.098196029663085938e+00,nan,nan,nan,-8.183009147644042969e+00,nan,nan,nan,nan,nan,nan,nan,nan,nan,nan,nan,nan,nan,nan,nan,nan,nan,nan,nan,nan,nan,nan,nan
nan,nan,nan,nan,nan,nan,nan,nan,nan,nan,nan,nan,nan,nan,nan,nan,nan,nan,nan,nan,nan,nan,nan,nan,nan,nan,nan,8.632099914550781250e+01,8.489393615722656250e+01,9.259187316894531250e+01,9.676535797119140625e+01,9.771308898925781250e+01,9.427523803710937500e+01,7.437441253662109375e+01,5.437475585937500000e+01,2.865077781677246094e+01,2.058516883850097656e+01,1.834211158752441406e+01,9.571738243103027344e+00,1.756409645080566406e+01,1.332594966888427734e+01,1.151533699035644531e+01,6.313507080078125000e+00,-2.481300592422485352e+00,-8.329339623451232910e-01,-3.947556018829345703e-01,-3.028308868408203125e+00,-1.403253078460693359e-01,-2.533681154251098633e+00,-7.679276466369628906e+00,-6.998023986816406250e+00,-5.694706916809082031e+00,-4.616615772247314453e+00,-3.280162811279296875e+00,-7.523929595947265625e+00,-1.140136432647705078e+01,-1.154057312011718750e+01,-1.260106658935546875e+01,-1.181462955474853516e+01,-1.352532005310058594e+01,-1.484624099731445312e+01,-1.475918197631835938e+01,-1.943803024291992188e+01,-1.907936096191406250e+01,-1.812946319580078125e+01,-2.109709930419921875e+01,-2.104992294311523438e+01,-2.267967224121093750e+01,-2.576655960083007812e+01,-1.701049232482910156e+01,-1.471016120910644531e+01,-1.953148078918457031e+01,-2.980867385864257812e+01,-1.571795463562011719e+01,-7.371385097503662109e+00,nan,-7.590565681457519531e+00,-1.915083694458007812e+01,-1.204062938690185547e+01,-9.073343276977539062e+00,-6.391986370086669922e+00,-1.430198383331298828e+01,-1.110312080383300781e+01,nan,nan,nan,nan,nan,nan,nan,nan,nan,nan,nan,nan,-9.099159240722656250e+00,nan,nan,nan,nan,nan,nan,nan,nan,nan,nan,nan,nan,nan,nan,nan,nan,nan,nan,nan,nan,nan,nan,nan
nan,nan,nan,nan,nan,nan,nan,nan,nan,nan,nan,nan,nan,nan,nan,nan,nan,nan,nan,nan,nan,nan,nan,nan,nan,nan,nan,7.179520416259765625e+01,9.075640869140625000e+01,9.419842529296875000e+01,9.553196716308593750e+01,9.511322021484375000e+01,8.699333953857421875e+01,6.229562759399414062e+01,4.755615615844726562e+01,2.005211257934570312e+01,1.757931709289550781e+01,1.343900871276855469e+01,3.938999414443969727e+00,1.188169479370117188e+01,1.065448093414306641e+01,8.526520729064941406e+00,6.693737983703613281e+00,4.998662948608398438e+00,2.118512392044067383e+00,1.740870475769042969e+00,-3.464764118194580078e+00,-3.529054403305053711e+00,-4.777401447296142578e+00,-7.953470230102539062e+00,-7.376619338989257812e+00,-7.519503593444824219e+00,-6.864906311035156250e+00,-5.342734336853027344e+00,-7.030586719512939453e+00,-1.188417816162109375e+01,-1.201792430877685547e+01,-1.131229400634765625e+01,-1.272286224365234375e+01,-1.536327171325683594e+01,-1.536006927490234375e+01,-1.482095432281494141e+01,-1.792089653015136719e+01,-1.741926765441894531e+01,-1.869807624816894531e+01,-1.720203781127929688e+01,-1.591794204711914062e+01,-2.492765426635742188e+01,-2.407239151000976562e+01,-1.985154914855957031e+01,-1.774282073974609375e+01,-2.021305847167968750e+01,-1.323301792144775391e+01,nan,nan,nan,nan,nan,-1.355545139312744141e+01,-3.291332244873046875e+00,-4.998703956604003906e+00,-5.467763900756835938e+00,-4.975239753723144531e+00,nan,nan,nan,nan,nan,nan,nan,nan,nan,nan,nan,nan,nan,nan,nan,nan,nan,nan,nan,nan,nan,nan,nan,nan,nan,nan,nan,nan,nan,nan,nan,nan,nan,nan,nan,nan
nan,nan,nan,nan,nan,nan,nan,nan,nan,nan,nan,nan,nan,nan,nan,nan,nan,nan,nan,nan,nan,nan,nan,nan,nan,nan,nan,8.633004760742187500e+01,9.181491088867187500e+01,9.186750793457031250e+01,9.026536560058593750e+01,8.547610473632812500e+01,7.651099395751953125e+01,5.106159973144531250e+01,2.612360763549804688e+01,1.996905136108398438e+01,1.368116855621337891e+01,6.651231765747070312e+00,7.061254978179931641e-01,1.080264282226562500e+01,9.908213615417480469e+00,7.397121429443359375e+00,4.734045982360839844e+00,2.141063451766967773e+00,1.401097059249877930e+00,-2.074026167392730713e-01,-1.152731180191040039e+00,-1.211706757545471191e+00,-3.363146781921386719e+00,-3.840383529663085938e+00,-8.962514877319335938e+00,-1.214394092559814453e+01,-1.069653511047363281e+01,-8.266887664794921875e+00,-1.002042579650878906e+01,-1.169487380981445312e+01,-1.263461494445800781e+01,-1.249239063262939453e+01,-1.243122386932373047e+01,-1.414037322998046875e+01,-1.477463912963867188e+01,-1.355886173248291016e+01,-1.608901596069335938e+01,-1.718280601501464844e+01,-1.742545127868652344e+01,-1.868078231811523438e+01,-1.827129554748535156e+01,-2.114365005493164062e+01,-2.973571395874023438e+01,-2.401832008361816406e+01,-2.312886428833007812e+01,-2.163940811157226562e+01,-1.089017105102539062e+01,nan,nan,nan,nan,nan,-6.006767272949218750e+00,-3.392926931381225586e+00,-1.059812355041503906e+01,1.904238462448120117e-01,nan,nan,nan,nan,nan,nan,nan,nan,nan,nan,nan,nan,nan,nan,nan,nan,nan,nan,nan,nan,nan,nan,nan,nan,nan,nan,nan,nan,nan,nan,nan,nan,nan,nan,nan,nan,nan
nan,nan,nan,nan,nan,nan,nan,nan,nan,nan,nan,nan,nan,nan,nan,nan,nan,nan,nan,nan,nan,nan,nan,nan,nan,nan,8.292009735107421875e+01,8.403691101074218750e+01,8.762241363525390625e+01,9.094972991943359375e+01,8.714317321777343750e+01,8.445559692382812500e+01,6.472879791259765625e+01,4.998149108886718750e+01,3.266656875610351562e+01,2.050246047973632812e+01,9.189376831054687500e+00,-2.511762142181396484e+00,-1.897345066070556641e+00,6.327829837799072266e+00,8.555974960327148438e+00,8.072422027587890625e+00,3.192816734313964844e+00,-8.079693913459777832e-01,5.925232768058776855e-01,-1.477996587753295898e+00,-2.465131759643554688e+00,-2.953365325927734375e+00,-2.698048353195190430e+00,-4.154231071472167969e+00,-7.534905433654785156e+00,-8.768563270568847656e+00,-7.814327716827392578e+00,-9.179740905761718750e+00,-8.549081802368164062e+00,-9.279649734497070312e+00,-1.139095306396484375e+01,-1.154547882080078125e+01,-1.187260246276855469e+01,-1.467409610748291016e+01,-1.493913459777832031e+01,-1.382865142822265625e+01,-1.788714027404785156e+01,-1.946214485168457031e+01,-1.420908164978027344e+01,-1.943970489501953125e+01,-2.054407882690429688e+01,-2.210645294189453125e+01,-2.714486312866210938e+01,-2.411923789978027344e+01,-2.023647689819335938e+01,-2.173988342285156250e+01,-2.411959075927734375e+01,-6.399273872375488281e+00,nan,nan,nan,nan,-6.412698268890380859e+00,-1.746097564697265625e+01,-1.038900279998779297e+01,-4.146949291229248047e+00,nan,nan,nan,nan,nan,nan,nan,nan,nan,nan,nan,nan,nan,nan,nan,nan,nan,nan,nan,nan,nan,nan,nan,nan,nan,nan,nan,nan,nan,nan,nan,nan,nan,nan,nan,nan,nan
nan,nan,nan,nan,nan,nan,nan,nan,nan,nan,nan,nan,nan,nan,nan,nan,nan,nan,nan,nan,nan,nan,nan,nan,nan,nan,7.321348571777343750e+01,8.043431091308593750e+01,8.424406433105468750e+01,9.076809692382812500e+01,8.682168579101562500e+01,6.675941467285156250e+01,4.547097015380859375e+01,3.788840484619140625e+01,2.603135681152343750e+01,1.818973541259765625e+01,5.618845462799072266e+00,2.138598680496215820e+00,-6.209586143493652344e+00,-2.115120887756347656e+00,4.101050853729248047e+00,3.999364376068115234e+00,1.873249888420104980e+00,-3.474880218505859375e+00,-3.059791088104248047e+00,-3.117018699645996094e+00,-5.216801643371582031e+00,-3.816267967224121094e+00,-1.043557286262512207e+00,4.343610763549804688e+00,-1.161138534545898438e+00,-5.864594936370849609e+00,-8.042928695678710938e+00,-8.112377166748046875e+00,-7.655930519104003906e+00,-6.113711357116699219e+00,-8.373463630676269531e+00,-1.205444908142089844e+01,-1.370019340515136719e+01,-1.366268730163574219e+01,-1.496408462524414062e+01,-1.615238571166992188e+01,-1.698525619506835938e+01,-1.914475250244140625e+01,-1.500233364105224609e+01,-1.956861877441406250e+01,-2.116836166381835938e+01,-2.536064147949218750e+01,-2.513349914550781250e+01,-2.023506546020507812e+01,-1.904835510253906250e+01,-2.394028854370117188e+01,-2.355540847778320312e+01,-1.398873233795166016e+01,-1.751540184020996094e+01,nan,nan,nan,nan,-1.885129165649414062e+01,-9.047710418701171875e+00,-6.811044692993164062e+00,nan,nan,nan,nan,nan,nan,nan,nan,nan,nan,nan,nan,nan,nan,nan,nan,nan,nan,nan,nan,nan,nan,nan,nan,nan,nan,nan,nan,nan,nan,nan,nan,nan,nan,nan,nan,nan
nan,nan,nan,nan,nan,nan,nan,nan,nan,nan,nan,nan,nan,nan,nan,nan,nan,nan,nan,nan,nan,nan,nan,nan,nan,nan,6.438499450683593750e+01,8.006864929199218750e+01,8.679672241210937500e+01,9.149514770507812500e+01,8.010864257812500000e+01,5.135017395019531250e+01,4.493537139892578125e+01,3.252448272705078125e+01,2.097575950622558594e+01,1.112259674072265625e+01,5.020411968231201172e+00,-5.085025787353515625e+00,-1.000102710723876953e+01,-3.401314735412597656e+00,2.714081764221191406e+00,8.727356195449829102e-01,-7.861895561218261719e-01,-1.215514659881591797e+00,-3.042169570922851562e+00,-1.308261871337890625e+00,-5.975825309753417969e+00,-6.435181140899658203e+00,2.335516452789306641e+00,4.625535309314727783e-01,-4.082553863525390625e+00,-7.552188396453857422e+00,-9.260732650756835938e+00,-8.127030372619628906e+00,-7.518761634826660156e+00,-6.408452033996582031e+00,-7.670180320739746094e+00,-1.104603672027587891e+01,-3.101096343994140625e+01,-1.335151290893554688e+01,-1.479702568054199219e+01,-1.604149627685546875e+01,-1.717004013061523438e+01,-1.905093383789062500e+01,-1.702353096008300781e+01,-1.741820907592773438e+01,-2.163494110107421875e+01,-2.000582122802734375e+01,-1.984082412719726562e+01,-2.008709144592285156e+01,-2.009979248046875000e+01,-2.456809997558593750e+01,-1.918768882751464844e+01,-1.507970046997070312e+01,-9.848807334899902344e+00,nan,nan,nan,nan,-2.109116363525390625e+01,-1.805176734924316406e+01,-1.277701568603515625e+01,nan,nan,nan,nan,nan,nan,nan,nan,nan,nan,nan,nan,nan,nan,nan,nan,nan,nan,nan,nan,nan,nan,nan,nan,nan,nan,nan,nan,nan,nan,nan,nan,nan,nan,nan,nan,nan
nan,nan,nan,nan,nan,nan,nan,nan,nan,nan,nan,nan,nan,nan,nan,nan,nan,nan,nan,nan,nan,nan,nan,nan,nan,nan,7.294964599609375000e+01,7.683992004394531250e+01,7.515469360351562500e+01,7.752133941650390625e+01,7.227954864501953125e+01,6.624312591552734375e+01,4.837017059326171875e+01,3.373646926879882812e+01,1.768475151062011719e+01,6.404895782470703125e+00,1.809577822685241699e+00,-2.268677711486816406e+00,-1.105065155029296875e+01,-2.847727537155151367e+00,9.225476980209350586e-01,1.545371055603027344e+00,2.117163896560668945e+00,2.686428427696228027e-01,3.405341804027557373e-01,7.074341773986816406e-01,-6.890550613403320312e+00,-4.816631793975830078e+00,-1.564298272132873535e+00,-5.932454109191894531e+00,-7.542028427124023438e+00,-6.456299781799316406e+00,-8.692344665527343750e+00,-8.558824539184570312e+00,-7.157832145690917969e+00,-9.364236831665039062e+00,-1.079500007629394531e+01,-1.085269355773925781e+01,-1.146400356292724609e+01,-1.295863723754882812e+01,-1.445888328552246094e+01,-1.571446990966796875e+01,-1.688712120056152344e+01,-1.971180343627929688e+01,-2.344420814514160156e+01,-1.832956314086914062e+01,-2.150300598144531250e+01,-1.943739318847656250e+01,-1.884281158447265625e+01,-1.916769599914550781e+01,-2.410715103149414062e+01,-2.740991210937500000e+01,-1.947273254394531250e+01,-1.526503944396972656e+01,-3.933825016021728516e+00,4.044122219085693359e+00,nan,nan,-1.832202148437500000e+01,-2.945075988769531250e+01,-2.021531677246093750e+01,-1.816706848144531250e+01,nan,nan,nan,nan,nan,nan,nan,nan,nan,nan,nan,nan,nan,nan,nan,nan,nan,nan,nan,nan,nan,nan,nan,nan,nan,nan,nan,nan,nan,nan,nan,nan,nan,nan,nan,nan,nan
nan,nan,nan,nan,nan,nan,nan,nan,nan,nan,nan,nan,nan,nan,nan,nan,nan,nan,nan,nan,nan,nan,nan,nan,nan,nan,nan,6.964369201660156250e+01,7.219148254394531250e+01,6.787770843505859375e+01,6.997286987304687500e+01,4.794612884521484375e+01,4.253810119628906250e+01,1.775339889526367188e+01,1.322532463073730469e+01,7.380074501037597656e+00,-9.674312472343444824e-01,-3.967092514038085938e+00,-4.671847343444824219e+00,-2.965270042419433594e+00,1.767028808593750000e+00,3.179196357727050781e+00,2.286468505859375000e+00,-6.312227845191955566e-01,-1.398035407066345215e+00,1.317504405975341797e+00,-2.081861495971679688e+00,-2.111047267913818359e+00,-5.514466166496276855e-01,-3.720499992370605469e+00,-4.398414611816406250e+00,-6.570093154907226562e+00,-7.839017868041992188e+00,-7.537698745727539062e+00,-9.424344062805175781e+00,-1.155541229248046875e+01,-1.274671363830566406e+01,-1.142100334167480469e+01,-1.098690032958984375e+01,-1.249804306030273438e+01,-1.398455333709716797e+01,-1.519440269470214844e+01,-1.635996437072753906e+01,-1.942546081542968750e+01,-1.624102020263671875e+01,-1.528908348083496094e+01,-1.630166435241699219e+01,-1.930732917785644531e+01,-1.710237693786621094e+01,-1.683941650390625000e+01,-2.324166870117187500e+01,-2.667087173461914062e+01,-2.670622253417968750e+01,-1.969890022277832031e+01,-1.096230697631835938e+01,-1.059681510925292969e+01,-8.951876640319824219e+00,-1.099528598785400391e+01,-1.973452377319335938e+01,-1.578112792968750000e+01,-1.668066024780273438e+01,-9.639081954956054688e+00,-1.031541442871093750e+01,nan,nan,nan,nan,nan,nan,nan,nan,nan,nan,nan,nan,nan,nan,nan,nan,nan,nan,nan,nan,nan,nan,nan,nan,nan,nan,nan,nan,nan,nan,nan,nan,nan,nan,nan,nan
nan,nan,nan,nan,nan,nan,nan,nan,nan,nan,nan,nan,nan,nan,nan,nan,nan,nan,nan,nan,nan,nan,nan,nan,nan,nan,nan,6.091542816162109375e+01,6.221206665039062500e+01,5.197425079345703125e+01,3.665411376953125000e+01,2.583563232421875000e+01,1.320902538299560547e+01,1.076739120483398438e+01,7.456418991088867188e+00,3.221871614456176758e+00,2.385915279388427734e+00,9.172479510307312012e-01,1.939697980880737305e+00,4.778468132019042969e+00,2.517553091049194336e+00,1.259441733360290527e+00,3.925088644027709961e+00,-1.112486124038696289e-01,-1.177695989608764648e+00,-3.488187789916992188e-01,-3.861525058746337891e+00,-3.505928993225097656e+00,-2.653411149978637695e+00,-1.697961330413818359e+00,-4.462622642517089844e+00,-7.486807823181152344e+00,-7.360705375671386719e+00,-8.003683090209960938e+00,-8.814410209655761719e+00,-8.933712005615234375e+00,-1.000677490234375000e+01,-9.723041534423828125e+00,-2.793248891830444336e-01,-1.205466747283935547e+01,-1.344622707366943359e+01,-1.457013702392578125e+01,-2.398975181579589844e+01,-1.962749862670898438e+01,-1.594277667999267578e+01,-1.272810077667236328e+01,-2.014458084106445312e+01,-2.087312126159667969e+01,-1.848518753051757812e+01,-1.907909393310546875e+01,-2.101132965087890625e+01,-2.407720184326171875e+01,-2.254079818725585938e+01,-3.540383911132812500e+01,-1.965908622741699219e+01,nan,-9.356434822082519531e+00,-7.486850738525390625e+00,-8.448806762695312500e+00,-1.892532539367675781e+01,-1.665067672729492188e+01,-5.713293075561523438e+00,nan,nan,nan,nan,nan,nan,nan,nan,nan,nan,nan,nan,nan,nan,nan,nan,nan,nan,nan,nan,nan,nan,nan,nan,nan,nan,nan,nan,nan,nan,nan,nan,nan,nan,nan,nan,nan
nan,nan,nan,nan,nan,nan,nan,nan,nan,nan,nan,nan,nan,nan,nan,nan,nan,nan,nan,nan,nan,nan,nan,nan,nan,nan,nan,nan,4.759917449951171875e+01,3.217767333984375000e+01,1.507461452484130859e+01,1.358436489105224609e+01,6.037096977233886719e+00,6.012235641479492188e+00,5.839820861816406250e+00,6.046607494354248047e+00,5.354206085205078125e+00,-2.680811643600463867e+00,-1.009254455566406250e+00,1.814941525459289551e+00,1.215015888214111328e+00,5.610215663909912109e+00,4.156336784362792969e+00,2.071100950241088867e+00,2.136840343475341797e+00,1.345700383186340332e+00,-3.261558532714843750e+00,-5.781339645385742188e+00,-4.858972072601318359e+00,-4.033247470855712891e+00,-3.989921331405639648e+00,-5.890483856201171875e+00,-6.588401317596435547e+00,-8.500316619873046875e+00,-9.437788963317871094e+00,-6.731065750122070312e+00,-6.381768226623535156e+00,-8.759984016418457031e+00,-1.112211799621582031e+01,-1.334423065185546875e+01,-1.376352691650390625e+01,-1.473670196533203125e+01,-1.593975639343261719e+01,-1.942058944702148438e+01,-1.510134696960449219e+01,-1.115031623840332031e+01,-1.610108947753906250e+01,-1.750180435180664062e+01,-1.703971290588378906e+01,-1.748468780517578125e+01,-2.024722290039062500e+01,-2.198965835571289062e+01,-2.543456649780273438e+01,-1.811993598937988281e+01,nan,nan,nan,nan,-8.556869506835937500e+00,-1.248882484436035156e+01,-3.912591695785522461e+00,-1.154030227661132812e+01,nan,nan,nan,nan,nan,nan,nan,nan,nan,nan,nan,nan,nan,nan,nan,nan,nan,nan,nan,nan,nan,nan,nan,nan,nan,nan,nan,nan,nan,nan,nan,nan,nan,nan,nan,nan,nan
nan,nan,nan,nan,nan,nan,nan,nan,nan,nan,nan,nan,nan,nan,nan,nan,nan,nan,nan,nan,nan,nan,nan,nan,nan,nan,nan,nan,3.780329132080078125e+01,8.137265205383300781e+00,4.456622123718261719e+00,1.973966407775878906e+01,-7.445949554443359375e+00,-3.472623348236083984e+00,-1.127827882766723633e+00,1.334656596183776855e+00,2.995052576065063477e+00,-1.958225011825561523e+00,-6.988688707351684570e-01,-1.477729797363281250e+00,3.753190279006958008e+00,4.238630294799804688e+00,3.238934278488159180e+00,9.931237697601318359e-01,1.670073121786117554e-01,1.134211540222167969e+00,-4.641845226287841797e+00,-5.293161392211914062e+00,-4.458906173706054688e+00,-3.872867584228515625e+00,-3.142144680023193359e+00,-2.872730970382690430e+00,-5.133062362670898438e+00,-4.888184070587158203e+00,-6.964884757995605469e+00,-9.843745231628417969e+00,-1.046438789367675781e+01,-7.205248832702636719e+00,-1.156095886230468750e+01,-1.389163398742675781e+01,-1.268594932556152344e+01,-1.377231788635253906e+01,-1.413077259063720703e+01,-1.635343170166015625e+01,-1.460221862792968750e+01,-1.198086166381835938e+01,-1.335055160522460938e+01,-1.229974460601806641e+01,-1.305961418151855469e+01,-1.771114158630371094e+01,-1.861170578002929688e+01,-2.131229782104492188e+01,-1.595126914978027344e+01,nan,nan,nan,nan,nan,-1.266758346557617188e+01,-2.291339302062988281e+01,-8.378511428833007812e+00,nan,nan,nan,nan,nan,nan,nan,nan,nan,nan,nan,nan,nan,nan,nan,nan,nan,nan,nan,nan,nan,nan,nan,nan,nan,nan,nan,nan,nan,nan,nan,nan,nan,nan,nan,nan,nan,nan
nan,nan,nan,nan,nan,nan,nan,nan,nan,nan,nan,nan,nan,nan,nan,nan,nan,nan,nan,nan,nan,nan,nan,nan,nan,nan,nan,4.305012130737304688e+01,3.701052856445312500e+01,nan,nan,nan,nan,nan,nan,4.273824214935302734e+00,nan,nan,nan,1.889099121093750000e+00,-2.844102382659912109e-01,1.829694032669067383e+00,3.040644645690917969e+00,1.782831907272338867e+00,-3.122779130935668945e-01,-3.340967178344726562e+00,-4.915695667266845703e+00,-7.334879398345947266e+00,-3.789581298828125000e+00,-4.264766693115234375e+00,-3.323626518249511719e+00,-3.682045459747314453e+00,-6.103179931640625000e+00,-5.445684432983398438e+00,-5.478130340576171875e+00,-7.269294261932373047e+00,-9.216773033142089844e+00,-4.395728111267089844e+00,-1.113644313812255859e+01,-1.285040664672851562e+01,-1.373110389709472656e+01,-1.370234489440917969e+01,-1.225991058349609375e+01,-1.382995986938476562e+01,-1.389350795745849609e+01,-1.391309833526611328e+01,-1.292551040649414062e+01,-1.131908416748046875e+01,-1.414361763000488281e+01,-1.608129119873046875e+01,-1.560591697692871094e+01,-2.311380004882812500e+01,-1.876262664794921875e+01,nan,nan,nan,nan,nan,nan,nan,-1.162912178039550781e+01,nan,nan,nan,nan,nan,nan,nan,nan,nan,nan,nan,nan,nan,nan,nan,nan,nan,nan,nan,nan,nan,nan,nan,nan,nan,nan,nan,nan,nan,nan,nan,nan,nan,nan,nan,nan,nan,nan
nan,nan,nan,nan,nan,nan,nan,nan,nan,nan,nan,nan,nan,nan,nan,nan,nan,nan,nan,nan,nan,nan,nan,nan,nan,nan,nan,1.173214817047119141e+01,nan,nan,nan,nan,nan,nan,nan,2.752079248428344727e+00,nan,nan,nan,nan,1.230287313461303711e+00,-9.152351617813110352e-01,6.903736591339111328e-01,3.318895995616912842e-01,-3.324190616607666016e+00,-5.793158054351806641e+00,-3.865437507629394531e+00,-3.163919448852539062e+00,-3.777189254760742188e+00,-3.649661064147949219e+00,-3.977300167083740234e+00,-4.943065166473388672e+00,-6.544075012207031250e+00,-6.670912265777587891e+00,-5.448395729064941406e+00,-7.324827194213867188e+00,-6.304178714752197266e+00,-7.326653480529785156e+00,-9.401576042175292969e+00,-1.297374153137207031e+01,-1.358259582519531250e+01,-1.326202487945556641e+01,-1.232585716247558594e+01,-1.358454418182373047e+01,-1.445154571533203125e+01,-1.561063194274902344e+01,-1.367696762084960938e+01,-1.161872673034667969e+01,-1.619583892822265625e+01,-1.659062957763671875e+01,-1.400480270385742188e+01,-1.365757656097412109e+01,nan,nan,nan,nan,nan,nan,nan,nan,-1.139152145385742188e+01,nan,nan,nan,nan,nan,nan,nan,nan,nan,nan,nan,nan,nan,nan,nan,nan,nan,nan,nan,nan,nan,nan,nan,nan,nan,nan,nan,nan,nan,nan,nan,nan,nan,nan,nan,nan,nan,nan
nan,nan,nan,nan,nan,nan,nan,nan,nan,nan,nan,nan,nan,nan,nan,nan,nan,nan,nan,nan,nan,nan,nan,nan,nan,nan,nan,2.806781387329101562e+01,nan,nan,nan,nan,nan,nan,nan,nan,nan,nan,nan,nan,nan,nan,nan,-2.545913457870483398e-01,-2.978762626647949219e+00,-5.153660774230957031e+00,-2.792628765106201172e+00,-2.177086591720581055e+00,-2.775326728820800781e+00,-3.257759571075439453e+00,-3.026196002960205078e+00,-4.114174842834472656e+00,-3.371205329895019531e+00,1.541035175323486328e-01,-5.125295639038085938e+00,-4.522546291351318359e+00,-4.369658946990966797e+00,-3.959454774856567383e+00,-5.794353485107421875e+00,-7.880564212799072266e+00,-1.249312591552734375e+01,-1.146999740600585938e+01,-1.155570316314697266e+01,-1.236225700378417969e+01,-1.314356613159179688e+01,-1.613819885253906250e+01,-1.479875373840332031e+01,-1.078163242340087891e+01,-1.592204666137695312e+01,-2.507632064819335938e+01,-1.382967281341552734e+01,-1.377583694458007812e+01,nan,nan,nan,nan,nan,nan,nan,nan,nan,nan,nan,nan,nan,nan,nan,nan,nan,nan,nan,nan,nan,nan,nan,nan,nan,nan,nan,nan,nan,nan,nan,nan,nan,nan,nan,nan,nan,nan,nan,nan,nan,nan,nan,nan,nan,nan,nan
nan,nan,nan,nan,nan,nan,nan,nan,nan,nan,nan,nan,nan,nan,nan,nan,nan,nan,nan,nan,nan,nan,nan,nan,nan,nan,nan,7.330426692962646484e+00,nan,nan,nan,nan,nan,nan,nan,nan,nan,nan,nan,nan,nan,nan,nan,nan,-1.631167292594909668e+00,-5.812063217163085938e-01,-1.235864400863647461e+00,-1.049868345260620117e+00,-1.751058816909790039e+00,-3.641607284545898438e+00,-3.231297969818115234e+00,-2.854752540588378906e+00,1.352928161621093750e+00,1.855381608009338379e+00,-2.031023740768432617e+00,-3.013338565826416016e+00,-2.556137323379516602e+00,-2.263621330261230469e+00,-4.947109222412109375e+00,-8.213994979858398438e+00,-9.829642295837402344e+00,-7.129894733428955078e+00,-8.648933410644531250e+00,-8.939069747924804688e+00,-1.159229469299316406e+01,-1.419972801208496094e+01,-1.426178932189941406e+01,-1.272192382812500000e+01,-1.366110801696777344e+01,-1.637045478820800781e+01,-1.610943794250488281e+01,-1.816223526000976562e+01,-8.861974716186523438e+00,nan,nan,nan,nan,nan,nan,nan,nan,nan,nan,nan,nan,nan,nan,nan,nan,nan,nan,nan,nan,nan,nan,nan,nan,nan,nan,nan,nan,nan,nan,nan,nan,nan,nan,nan,nan,nan,nan,nan,nan,nan,nan,nan,nan,nan,nan
nan,nan,nan,nan,nan,nan,nan,nan,nan,nan,nan,nan,nan,nan,nan,nan,nan,nan,nan,nan,nan,nan,nan,nan,nan,nan,nan,nan,nan,nan,nan,nan,nan,nan,nan,nan,nan,nan,nan,nan,nan,nan,nan,nan,nan,nan,-2.555970191955566406e+00,-1.917252689599990845e-01,-9.509338140487670898e-01,-1.949828624725341797e+00,-7.269484519958496094e+00,-3.850668668746948242e+00,-5.870041251182556152e-01,2.758600115776062012e-01,-3.809689044952392578e+00,-1.030709505081176758e+00,-2.017571210861206055e+00,-3.319443464279174805e+00,1.900835037231445312e-01,-3.678010940551757812e+00,-5.449403762817382812e+00,-3.186233758926391602e+00,-3.809318065643310547e+00,-1.193004512786865234e+01,-1.226115608215332031e+01,-6.115660190582275391e+00,-8.048811912536621094e+00,-1.270419120788574219e+01,-1.382018280029296875e+01,-1.621925735473632812e+01,-1.106390380859375000e+01,-2.583757781982421875e+01,-1.623448181152343750e+01,nan,nan,nan,nan,nan,nan,nan,nan,nan,nan,nan,nan,nan,nan,nan,nan,nan,nan,nan,nan,nan,nan,nan,nan,nan,nan,nan,nan,nan,nan,nan,nan,nan,nan,nan,nan,nan,nan,nan,nan,nan,nan,nan,nan,nan,nan
nan,nan,nan,nan,nan,nan,nan,nan,nan,nan,nan,nan,nan,nan,nan,nan,nan,nan,nan,nan,nan,nan,nan,nan,nan,nan,nan,nan,nan,nan,nan,nan,nan,nan,nan,nan,nan,nan,nan,nan,nan,nan,nan,nan,nan,nan,nan,nan,nan,nan,nan,nan,nan,nan,nan,nan,4.049180507659912109e+00,-3.944979667663574219e+00,-1.136259198188781738e+00,2.668951511383056641e+00,3.770358324050903320e+00,-6.596791267395019531e+00,nan,nan,nan,-1.186981868743896484e+01,-7.444281578063964844e+00,-7.845291614532470703e+00,-1.447627925872802734e+01,-1.724643135070800781e+01,-1.195283985137939453e+01,-1.655870056152343750e+01,nan,nan,nan,nan,nan,nan,nan,nan,nan,nan,nan,nan,nan,nan,nan,nan,nan,nan,nan,nan,nan,nan,nan,nan,nan,nan,nan,nan,nan,nan,nan,nan,nan,nan,nan,nan,nan,nan,nan,nan,nan,nan,nan,nan,nan,nan,nan
nan,nan,nan,nan,nan,nan,nan,nan,nan,nan,nan,nan,nan,nan,nan,nan,nan,nan,nan,nan,nan,nan,nan,nan,nan,nan,nan,nan,nan,nan,nan,nan,nan,nan,nan,nan,nan,nan,nan,nan,nan,nan,nan,nan,nan,nan,nan,nan,nan,nan,nan,nan,nan,nan,nan,nan,nan,2.569047212600708008e+00,1.556591510772705078e+00,2.992928981781005859e+00,nan,nan,nan,nan,nan,nan,nan,-1.303043174743652344e+01,-5.202523231506347656e+00,-1.896518135070800781e+01,-2.038158798217773438e+01,-1.494835472106933594e+01,nan,nan,nan,nan,nan,nan,nan,nan,nan,nan,nan,nan,nan,nan,nan,nan,nan,nan,nan,nan,nan,nan,nan,nan,nan,nan,nan,nan,nan,nan,nan,nan,nan,nan,nan,nan,nan,nan,nan,nan,nan,nan,nan,nan,nan,nan,nan
nan,nan,nan,nan,nan,nan,nan,nan,nan,nan,nan,nan,nan,nan,nan,nan,nan,nan,nan,nan,nan,nan,nan,nan,nan,nan,nan,nan,nan,nan,nan,nan,nan,nan,nan,nan,nan,nan,nan,nan,nan,nan,nan,nan,nan,nan,nan,nan,nan,nan,nan,nan,nan,nan,nan,nan,nan,nan,-1.312434673309326172e+00,nan,nan,nan,nan,nan,nan,nan,nan,nan,nan,nan,-1.218485832214355469e+01,-1.499046516418457031e+01,nan,nan,nan,nan,nan,nan,nan,nan,nan,nan,nan,nan,nan,nan,nan,nan,nan,nan,nan,nan,nan,nan,nan,nan,nan,nan,nan,nan,nan,nan,nan,nan,nan,nan,nan,nan,nan,nan,nan,nan,nan,nan,nan,nan,nan,nan,nan
nan,nan,nan,nan,nan,nan,nan,nan,nan,nan,nan,nan,nan,nan,nan,nan,nan,nan,nan,nan,nan,nan,nan,nan,nan,nan,nan,nan,nan,nan,nan,nan,nan,nan,nan,nan,nan,nan,nan,nan,nan,nan,nan,nan,nan,nan,nan,nan,nan,nan,nan,nan,nan,nan,nan,nan,nan,nan,nan,nan,nan,nan,nan,nan,nan,nan,nan,nan,nan,nan,-1.545327949523925781e+01,-1.649047088623046875e+01,nan,nan,nan,nan,nan,nan,nan,nan,nan,nan,nan,nan,nan,nan,nan,nan,nan,nan,nan,nan,nan,nan,nan,nan,nan,nan,nan,nan,nan,nan,nan,nan,nan,nan,nan,nan,nan,nan,nan,nan,nan,nan,nan,nan,nan,nan,nan
nan,nan,nan,nan,nan,nan,nan,nan,nan,nan,nan,nan,nan,nan,nan,nan,nan,nan,nan,nan,nan,nan,nan,nan,nan,nan,nan,nan,nan,nan,nan,nan,nan,nan,nan,nan,nan,nan,nan,nan,nan,nan,nan,nan,nan,nan,nan,nan,nan,nan,nan,nan,nan,nan,nan,nan,nan,nan,nan,nan,nan,nan,nan,nan,nan,nan,nan,nan,nan,-1.669403839111328125e+01,3.458675146102905273e+00,-2.663450241088867188e+01,-1.161067390441894531e+01,nan,nan,nan,nan,nan,nan,nan,nan,nan,nan,nan,nan,nan,nan,nan,nan,nan,nan,nan,nan,nan,nan,nan,nan,nan,nan,nan,nan,nan,nan,nan,nan,nan,nan,nan,nan,nan,nan,nan,nan,nan,nan,nan,nan,nan,nan
nan,nan,nan,nan,nan,nan,nan,nan,nan,nan,nan,nan,nan,nan,nan,nan,nan,nan,nan,nan,nan,nan,nan,nan,nan,nan,nan,nan,nan,nan,nan,nan,nan,nan,nan,nan,nan,nan,nan,nan,nan,nan,nan,nan,nan,nan,nan,nan,nan,nan,nan,nan,nan,nan,nan,nan,nan,nan,nan,nan,nan,nan,nan,nan,nan,nan,nan,nan,nan,-2.033085632324218750e+01,-3.533875942230224609e-02,-2.188026809692382812e+01,-2.467037582397460938e+01,nan,nan,nan,nan,nan,nan,nan,nan,nan,nan,nan,nan,nan,nan,nan,nan,nan,nan,nan,nan,nan,nan,nan,nan,nan,nan,nan,nan,nan,nan,nan,nan,nan,nan,nan,nan,nan,nan,nan,nan,nan,nan,nan,nan,nan,nan
nan,nan,nan,nan,nan,nan,nan,nan,nan,nan,nan,nan,nan,nan,nan,nan,nan,nan,nan,nan,nan,nan,nan,nan,nan,nan,nan,nan,nan,nan,nan,nan,nan,nan,nan,nan,nan,nan,nan,nan,nan,nan,nan,nan,nan,nan,nan,nan,nan,nan,nan,nan,nan,nan,nan,nan,nan,nan,nan,nan,nan,nan,nan,nan,nan,nan,nan,nan,nan,-2.346127700805664062e+01,-2.513455390930175781e+00,-1.952151298522949219e+01,-3.896363830566406250e+01,nan,nan,nan,nan,nan,nan,nan,nan,nan,nan,nan,nan,nan,nan,nan,nan,nan,nan,nan,nan,nan,nan,nan,nan,nan,nan,nan,nan,nan,nan,nan,nan,nan,nan,nan,nan,nan,nan,nan,nan,nan,nan,nan,nan,nan,nan
nan,nan,nan,nan,nan,nan,nan,nan,nan,nan,nan,nan,nan,nan,nan,nan,nan,nan,nan,nan,nan,nan,nan,nan,nan,nan,nan,nan,nan,nan,nan,nan,nan,nan,nan,nan,nan,nan,nan,nan,nan,nan,nan,nan,nan,nan,nan,nan,nan,nan,nan,nan,nan,nan,nan,nan,nan,nan,nan,nan,nan,nan,nan,nan,nan,nan,nan,nan,nan,nan,-2.735907745361328125e+01,-2.994905853271484375e+01,-4.959669494628906250e+01,nan,nan,nan,nan,nan,nan,nan,nan,nan,nan,nan,nan,nan,nan,nan,nan,nan,nan,nan,nan,nan,nan,nan,nan,nan,nan,nan,nan,nan,nan,nan,nan,nan,nan,nan,nan,nan,nan,nan,nan,nan,nan,nan,nan,nan,nan
nan,nan,nan,nan,nan,nan,nan,nan,nan,nan,nan,nan,nan,nan,nan,nan,nan,nan,nan,nan,nan,nan,nan,nan,nan,nan,nan,nan,nan,nan,nan,nan,nan,nan,nan,nan,nan,nan,nan,nan,nan,nan,nan,nan,nan,nan,nan,nan,nan,nan,nan,nan,nan,nan,nan,nan,nan,nan,nan,nan,nan,nan,nan,nan,nan,nan,nan,nan,nan,nan,nan,-2.684871101379394531e+01,-5.605153656005859375e+01,-3.294979095458984375e+01,nan,nan,nan,nan,nan,nan,nan,nan,nan,nan,nan,nan,nan,nan,nan,nan,nan,nan,nan,nan,nan,nan,nan,nan,nan,nan,nan,nan,nan,nan,nan,nan,nan,nan,nan,nan,nan,nan,nan,nan,nan,nan,nan,nan,nan
nan,nan,nan,nan,nan,nan,nan,nan,nan,nan,nan,nan,nan,nan,nan,nan,nan,nan,nan,nan,nan,nan,nan,nan,nan,nan,nan,nan,nan,nan,nan,nan,nan,nan,nan,nan,nan,nan,nan,nan,nan,nan,nan,nan,nan,nan,nan,nan,nan,-2.222687244415283203e+00,nan,nan,nan,nan,nan,nan,nan,nan,nan,nan,nan,nan,nan,nan,nan,nan,nan,nan,nan,nan,nan,-3.333573532104492188e+01,-4.762821197509765625e+01,-4.488035202026367188e+01,nan,nan,nan,nan,nan,nan,nan,nan,nan,nan,nan,nan,nan,nan,nan,nan,nan,nan,nan,nan,nan,nan,nan,nan,nan,nan,nan,nan,nan,nan,nan,nan,nan,nan,nan,nan,nan,nan,nan,nan,nan,nan,nan,nan,nan
nan,nan,nan,nan,nan,nan,nan,nan,nan,nan,nan,nan,nan,nan,nan,nan,nan,nan,nan,nan,nan,nan,nan,nan,nan,nan,nan,nan,nan,nan,nan,nan,nan,nan,nan,nan,nan,nan,nan,nan,nan,nan,nan,nan,nan,nan,nan,nan,nan,-2.892250061035156250e+00,nan,nan,nan,nan,nan,nan,nan,nan,nan,nan,nan,nan,nan,nan,nan,nan,nan,nan,nan,nan,nan,-3.608078384399414062e+01,-2.716979408264160156e+01,-3.528617477416992188e+01,nan,nan,nan,nan,nan,nan,nan,nan,nan,nan,nan,nan,nan,nan,nan,nan,nan,nan,nan,nan,nan,nan,nan,nan,nan,nan,nan,nan,nan,nan,nan,nan,nan,nan,nan,nan,nan,nan,nan,nan,nan,nan,nan,nan,nan
nan,nan,nan,nan,nan,nan,nan,nan,nan,nan,nan,nan,nan,nan,nan,nan,nan,nan,nan,nan,nan,nan,nan,nan,nan,nan,nan,nan,nan,nan,nan,nan,nan,nan,nan,nan,nan,nan,nan,nan,nan,nan,nan,nan,nan,nan,nan,-3.400141477584838867e+00,2.264361858367919922e+00,-2.992598533630371094e+00,nan,nan,nan,nan,nan,nan,nan,nan,nan,nan,nan,nan,nan,nan,nan,nan,nan,nan,nan,nan,nan,nan,-3.925525665283203125e+01,-3.946400833129882812e+01,nan,nan,nan,nan,nan,nan,nan,nan,nan,nan,nan,nan,nan,nan,nan,nan,nan,nan,nan,nan,nan,nan,nan,nan,nan,nan,nan,nan,nan,nan,nan,nan,nan,nan,nan,nan,nan,nan,nan,nan,nan,nan,nan,nan,nan
nan,nan,nan,nan,nan,nan,nan,nan,nan,nan,nan,nan,nan,nan,nan,nan,nan,nan,nan,nan,nan,nan,nan,nan,nan,nan,nan,nan,nan,nan,nan,nan,nan,nan,nan,nan,nan,nan,nan,nan,nan,nan,nan,nan,nan,nan,-3.954328060150146484e+00,-1.849668025970458984e-01,9.122693538665771484e-01,-4.781124591827392578e+00,nan,nan,nan,nan,nan,nan,nan,nan,nan,nan,nan,nan,nan,nan,nan,nan,nan,nan,nan,nan,nan,nan,nan,-3.887467575073242188e+01,nan,nan,nan,nan,nan,nan,nan,nan,nan,nan,nan,nan,nan,nan,nan,nan,nan,nan,nan,nan,nan,nan,nan,nan,nan,nan,nan,nan,nan,nan,nan,nan,nan,nan,nan,nan,nan,nan,nan,nan,nan,nan,nan,nan,nan
nan,nan,nan,nan,nan,nan,nan,nan,nan,nan,nan,nan,nan,nan,nan,nan,nan,nan,nan,nan,nan,nan,nan,nan,nan,nan,nan,nan,nan,nan,nan,nan,nan,nan,nan,nan,nan,nan,nan,nan,nan,nan,nan,nan,nan,-4.868873596191406250e+00,-7.246526718139648438e+00,-8.784202575683593750e+00,-7.254887104034423828e+00,-3.622090816497802734e+00,2.008984327316284180e+00,nan,nan,nan,nan,nan,nan,nan,nan,nan,nan,nan,nan,nan,nan,nan,nan,nan,nan,nan,nan,nan,nan,-3.748453521728515625e+01,nan,nan,nan,nan,nan,nan,nan,nan,nan,nan,nan,nan,nan,nan,nan,nan,nan,nan,nan,nan,nan,nan,nan,nan,nan,nan,nan,nan,nan,nan,nan,nan,nan,nan,nan,nan,nan,nan,nan,nan,nan,nan,nan,nan,nan
nan,nan,nan,nan,nan,nan,nan,nan,nan,nan,nan,nan,nan,nan,nan,nan,nan,nan,nan,nan,nan,nan,nan,nan,nan,nan,nan,nan,nan,nan,nan,nan,nan,nan,nan,nan,nan,nan,nan,nan,nan,nan,nan,nan,nan,nan,-7.895042419433593750e+00,-5.104070663452148438e+00,-8.444642066955566406e+00,-1.256771206855773926e+00,-1.125335693359375000e-03,-3.568096637725830078e+00,-2.399420738220214844e+00,nan,nan,nan,nan,nan,nan,nan,nan,nan,nan,nan,nan,nan,nan,nan,nan,nan,nan,nan,nan,nan,nan,nan,nan,nan,nan,nan,nan,nan,nan,nan,nan,nan,nan,nan,nan,nan,nan,nan,nan,nan,nan,nan,nan,nan,nan,nan,nan,nan,nan,nan,nan,nan,nan,nan,nan,nan,nan,nan,nan,nan,nan,nan,nan,nan,nan
nan,nan,nan,nan,nan,nan,nan,nan,nan,nan,nan,nan,nan,nan,nan,nan,nan,nan,nan,nan,nan,nan,nan,nan,nan,nan,nan,nan,nan,nan,nan,nan,nan,nan,nan,nan,nan,nan,nan,nan,nan,nan,nan,nan,nan,nan,-4.229506492614746094e+00,-4.505498886108398438e+00,-3.004011631011962891e+00,-5.220645427703857422e+00,1.528301477432250977e+00,6.724200248718261719e-01,-4.881752014160156250e+00,-3.023618221282958984e+00,nan,nan,nan,nan,nan,nan,nan,nan,nan,nan,nan,nan,nan,nan,nan,nan,nan,nan,nan,nan,nan,nan,nan,nan,nan,nan,nan,nan,nan,nan,nan,nan,nan,nan,nan,nan,nan,nan,nan,nan,nan,nan,nan,nan,nan,nan,nan,nan,nan,nan,nan,nan,nan,nan,nan,nan,nan,nan,nan,nan,nan,nan,nan,nan,nan
nan,nan,nan,nan,nan,nan,nan,nan,nan,nan,nan,nan,nan,nan,nan,nan,nan,nan,nan,nan,nan,nan,nan,nan,nan,nan,nan,nan,nan,nan,nan,nan,nan,nan,nan,nan,nan,nan,nan,nan,nan,nan,nan,nan,nan,nan,-4.211437225341796875e+00,-5.893064022064208984e+00,-5.393280982971191406e+00,-4.689297199249267578e+00,-2.269743204116821289e+00,-1.459346294403076172e+00,-4.428970336914062500e+00,-5.768542766571044922e+00,nan,nan,nan,nan,nan,nan,nan,nan,nan,nan,nan,nan,nan,nan,nan,nan,nan,nan,nan,nan,nan,nan,nan,nan,nan,nan,nan,nan,nan,nan,nan,nan,nan,nan,nan,nan,nan,nan,nan,nan,nan,nan,nan,nan,nan,nan,nan,nan,nan,nan,nan,nan,nan,nan,nan,nan,nan,nan,nan,nan,nan,nan,nan,nan,nan
nan,nan,nan,nan,nan,nan,nan,nan,nan,nan,nan,nan,nan,nan,nan,nan,nan,nan,nan,nan,nan,nan,nan,nan,nan,nan,nan,nan,nan,nan,nan,nan,nan,nan,nan,nan,nan,nan,nan,nan,nan,nan,nan,nan,nan,nan,-6.713191986083984375e+00,-9.808999061584472656e+00,-5.850831985473632812e+00,-5.467712402343750000e+00,-2.568337678909301758e+00,-1.795611739158630371e+00,6.149152278900146484e+00,1.065457701683044434e+00,nan,nan,nan,nan,nan,nan,nan,nan,nan,nan,nan,nan,nan,nan,nan,nan,nan,nan,nan,nan,nan,nan,nan,nan,nan,nan,nan,nan,nan,nan,nan,nan,nan,nan,nan,nan,nan,nan,nan,nan,nan,nan,nan,nan,nan,nan,nan,nan,nan,nan,nan,nan,nan,nan,nan,nan,nan,nan,nan,nan,nan,nan,nan,nan,nan
nan,nan,nan,nan,nan,nan,nan,nan,nan,nan,nan,nan,nan,nan,nan,nan,nan,nan,nan,nan,nan,nan,nan,nan,nan,nan,nan,nan,nan,nan,nan,nan,nan,nan,nan,nan,nan,nan,nan,nan,nan,nan,nan,nan,nan,nan,nan,-9.232889175415039062e+00,-4.040167331695556641e+00,-9.665643692016601562e+00,-8.824166297912597656e+00,-2.254243612289428711e+00,1.703899621963500977e+00,-5.399115085601806641e-01,nan,nan,nan,nan,nan,nan,nan,nan,nan,nan,nan,nan,nan,nan,nan,nan,nan,nan,nan,nan,nan,nan,nan,nan,nan,nan,nan,nan,nan,nan,nan,nan,nan,nan,nan,nan,nan,nan,nan,nan,nan,nan,nan,nan,nan,nan,nan,nan,nan,nan,nan,nan,nan,nan,nan,nan,nan,nan,nan,nan,nan,nan,nan,nan,nan
nan,nan,nan,nan,nan,nan,nan,nan,nan,nan,nan,nan,nan,nan,nan,nan,nan,nan,nan,nan,nan,nan,nan,nan,nan,nan,nan,nan,nan,nan,nan,nan,nan,nan,nan,nan,nan,nan,nan,nan,nan,nan,nan,nan,nan,nan,nan,-9.511954307556152344e+00,-1.005140686035156250e+01,-1.199816608428955078e+01,-1.283311080932617188e+01,-1.264330387115478516e+01,-8.851919174194335938e+00,-1.361902141571044922e+01,nan,nan,nan,nan,nan,nan,nan,nan,nan,nan,nan,nan,nan,nan,nan,nan,nan,nan,nan,nan,nan,nan,nan,nan,nan,nan,nan,nan,nan,nan,nan,nan,nan,nan,nan,nan,nan,nan,nan,nan,nan,nan,nan,nan,nan,nan,nan,nan,nan,nan,nan,nan,nan,nan,nan,nan,nan,nan,nan,nan,nan,nan,nan,nan,nan
nan,nan,nan,nan,nan,nan,nan,nan,nan,nan,nan,nan,nan,nan,nan,nan,nan,nan,nan,nan,nan,nan,nan,nan,nan,nan,nan,nan,nan,nan,nan,nan,nan,nan,nan,nan,nan,nan,nan,nan,nan,nan,nan,nan,nan,nan,nan,nan,-1.170799922943115234e+01,-1.189238166809082031e+01,-1.648207855224609375e+01,-1.821775054931640625e+01,-1.585859107971191406e+01,-1.648628807067871094e+01,nan,nan,nan,nan,nan,nan,nan,nan,nan,nan,nan,nan,nan,nan,nan,nan,nan,nan,nan,nan,nan,nan,nan,nan,nan,nan,nan,nan,nan,nan,nan,nan,nan,nan,nan,nan,nan,nan,nan,nan,nan,nan,nan,nan,nan,nan,nan,nan,nan,nan,nan,nan,nan,nan,nan,nan,nan,nan,nan,nan,nan,nan,nan,nan,nan
nan,nan,nan,nan,nan,nan,nan,nan,nan,nan,nan,nan,nan,nan,nan,nan,nan,nan,nan,nan,nan,nan,nan,nan,nan,nan,nan,nan,nan,nan,nan,nan,nan,nan,nan,nan,nan,nan,4.261142015457153320e-01,nan,nan,nan,nan,nan,nan,nan,nan,nan,-1.098400783538818359e+01,-1.140453338623046875e+01,-1.552734947204589844e+01,-2.076781463623046875e+01,-2.716450881958007812e+01,-3.284157943725585938e+01,nan,nan,nan,nan,nan,nan,nan,nan,nan,nan,nan,nan,nan,nan,nan,nan,nan,nan,nan,nan,nan,nan,nan,nan,nan,nan,nan,nan,nan,nan,nan,nan,nan,nan,nan,nan,nan,nan,nan,nan,nan,nan,nan,nan,nan,nan,nan,nan,nan,nan,nan,nan,nan,nan,nan,nan,nan,nan,nan,nan,nan,nan,nan,nan,nan
nan,nan,nan,nan,nan,nan,nan,nan,nan,nan,nan,nan,nan,nan,nan,nan,nan,nan,nan,nan,nan,nan,nan,nan,nan,nan,nan,nan,nan,nan,nan,nan,nan,nan,nan,nan,nan,nan,3.059546947479248047e-01,nan,nan,nan,nan,nan,nan,nan,nan,nan,-1.704249191284179688e+01,-1.544978904724121094e+01,-1.583340454101562500e+01,-2.190851020812988281e+01,-3.111803054809570312e+01,-3.249662780761718750e+01,nan,nan,nan,nan,nan,nan,nan,nan,nan,nan,nan,nan,nan,nan,nan,nan,nan,nan,nan,nan,nan,nan,nan,nan,nan,nan,nan,nan,nan,nan,nan,nan,nan,nan,nan,nan,nan,nan,nan,nan,nan,nan,nan,nan,nan,nan,nan,nan,nan,nan,nan,nan,nan,nan,nan,nan,nan,nan,nan,nan,nan,nan,nan,nan,nan
nan,nan,nan,nan,nan,nan,nan,nan,nan,nan,nan,nan,nan,nan,nan,nan,nan,nan,nan,nan,nan,nan,nan,nan,nan,nan,nan,nan,nan,nan,nan,nan,nan,nan,nan,nan,nan,nan,1.858335733413696289e-01,nan,nan,nan,nan,nan,nan,nan,nan,nan,-1.321498489379882812e+01,-1.603406524658203125e+01,-1.762576293945312500e+01,-2.096822738647460938e+01,-2.791096496582031250e+01,-2.338807296752929688e+01,nan,nan,nan,nan,nan,nan,nan,nan,nan,nan,nan,nan,nan,nan,nan,nan,nan,nan,nan,nan,nan,nan,nan,nan,nan,nan,nan,nan,nan,nan,nan,nan,nan,nan,nan,nan,nan,nan,nan,nan,nan,nan,nan,nan,nan,nan,nan,nan,nan,nan,nan,nan,nan,nan,nan,nan,nan,nan,nan,nan,nan,nan,nan,nan,nan
nan,nan,nan,nan,nan,nan,nan,nan,nan,nan,nan,nan,nan,nan,nan,nan,nan,nan,nan,nan,nan,nan,nan,nan,nan,nan,nan,nan,nan,nan,nan,nan,nan,nan,nan,-2.556443214416503906e-02,9.353049278259277344e+00,1.753040075302124023e+00,-1.615249037742614746e+00,nan,nan,nan,nan,nan,nan,nan,nan,nan,-1.457283973693847656e+01,-1.775848770141601562e+01,-1.884755516052246094e+01,-2.468921089172363281e+01,-3.064051818847656250e+01,-3.429132843017578125e+01,nan,nan,nan,nan,nan,nan,nan,nan,nan,nan,nan,nan,nan,nan,nan,nan,nan,nan,nan,nan,nan,nan,nan,nan,nan,nan,nan,nan,nan,nan,nan,nan,nan,nan,nan,nan,nan,nan,nan,nan,nan,nan,nan,nan,nan,nan,nan,nan,nan,nan,nan,nan,nan,nan,nan,nan,nan,nan,nan,nan,nan,nan,nan,nan,nan
nan,nan,nan,nan,nan,nan,nan,nan,nan,nan,nan,nan,nan,nan,nan,nan,nan,nan,nan,nan,nan,-3.235978698730468750e+01,-2.568845367431640625e+01,-1.230704498291015625e+01,-2.738062667846679688e+01,-1.839443397521972656e+01,-1.428999137878417969e+01,-1.329020595550537109e+01,-1.985819435119628906e+01,nan,nan,nan,nan,nan,nan,-4.642027378082275391e+00,-1.161390066146850586e+00,-8.375741958618164062e+00,4.229704856872558594e+00,-1.837736368179321289e-02,3.893079161643981934e-01,nan,nan,nan,nan,nan,nan,nan,-6.463858127593994141e+00,-1.510243701934814453e+01,-1.911453628540039062e+01,-1.951468849182128906e+01,-4.910949707031250000e+01,-4.353572082519531250e+01,nan,nan,nan,nan,nan,nan,nan,nan,nan,nan,nan,nan,nan,nan,nan,nan,nan,nan,nan,nan,nan,nan,nan,nan,nan,nan,nan,nan,nan,nan,nan,nan,nan,nan,nan,nan,nan,nan,nan,nan,nan,nan,nan,nan,nan,nan,nan,nan,nan,nan,nan,nan,nan,nan,nan,nan,nan,nan,nan,nan,nan,nan,nan,nan,nan
nan,nan,nan,nan,nan,nan,nan,nan,nan,nan,nan,nan,nan,nan,nan,nan,nan,nan,nan,nan,-3.444640350341796875e+01,-3.671674346923828125e+01,-3.104450035095214844e+01,-2.403823471069335938e+01,-2.609172248840332031e+01,-2.377024269104003906e+01,-1.883105278015136719e+01,-9.280653953552246094e+00,-7.729734897613525391e+00,nan,nan,nan,nan,nan,nan,-3.301126360893249512e-01,-2.714343667030334473e-01,nan,-1.693626642227172852e-01,nan,nan,nan,nan,nan,nan,nan,nan,nan,-2.534928894042968750e+01,-1.312747001647949219e+01,-2.049266052246093750e+01,-2.706369781494140625e+01,-4.224768829345703125e+01,-3.831128311157226562e+01,nan,nan,nan,nan,nan,nan,nan,nan,nan,nan,nan,nan,nan,nan,nan,nan,nan,nan,nan,nan,nan,nan,nan,nan,nan,nan,nan,nan,nan,nan,nan,nan,nan,nan,nan,nan,nan,nan,nan,nan,nan,nan,nan,nan,nan,nan,nan,nan,nan,nan,nan,nan,nan,nan,nan,nan,nan,nan,nan,nan,nan,nan,nan,nan,nan
nan,nan,nan,nan,nan,nan,nan,nan,nan,nan,nan,nan,nan,nan,nan,nan,nan,nan,nan,nan,-4.816831970214843750e+01,-4.089656066894531250e+01,-4.138230895996093750e+01,-3.903219223022460938e+01,-2.261159896850585938e+01,-3.026814651489257812e+01,-2.888731956481933594e+01,-2.082402801513671875e+01,-2.053103256225585938e+01,-1.604198265075683594e+01,nan,nan,nan,nan,nan,nan,nan,nan,nan,nan,nan,nan,nan,nan,nan,nan,nan,nan,nan,-2.441539764404296875e+01,-3.132002258300781250e+01,-3.900772857666015625e+01,-2.677244758605957031e+01,-3.403718566894531250e+01,nan,nan,nan,nan,nan,nan,nan,nan,nan,nan,nan,nan,nan,nan,nan,nan,nan,nan,nan,nan,nan,nan,nan,nan,nan,nan,nan,nan,nan,nan,nan,nan,nan,nan,nan,nan,nan,nan,nan,nan,nan,nan,nan,nan,nan,nan,nan,nan,nan,nan,nan,nan,nan,nan,nan,nan,nan,nan,nan,nan,nan,nan,nan,nan,nan
nan,nan,nan,nan,nan,nan,nan,nan,nan,nan,nan,nan,nan,nan,nan,nan,nan,nan,nan,nan,-4.322844314575195312e+01,-3.849784851074218750e+01,-3.465073394775390625e+01,-3.333419799804687500e+01,-2.826946258544921875e+01,-2.765418243408203125e+01,-2.340501785278320312e+01,-2.259588813781738281e+01,-1.667153549194335938e+01,nan,nan,nan,nan,nan,nan,nan,nan,nan,nan,nan,nan,nan,nan,nan,nan,nan,nan,nan,nan,nan,-3.981630325317382812e+01,-4.739840698242187500e+01,-3.784854888916015625e+01,nan,nan,nan,nan,nan,nan,nan,nan,nan,nan,nan,nan,nan,nan,nan,nan,nan,nan,nan,nan,nan,nan,nan,nan,nan,nan,nan,nan,nan,nan,nan,nan,nan,nan,nan,nan,nan,nan,nan,nan,nan,nan,nan,nan,nan,nan,nan,nan,nan,nan,nan,nan,nan,nan,nan,nan,nan,nan,nan,nan,nan,nan,nan,nan,nan,nan
nan,nan,nan,nan,nan,nan,nan,nan,nan,nan,nan,nan,nan,nan,nan,nan,nan,nan,nan,-3.648321533203125000e+01,-4.463046646118164062e+01,-4.115690612792968750e+01,-3.461446762084960938e+01,-3.573527526855468750e+01,-2.980173683166503906e+01,-2.445491027832031250e+01,-2.186385726928710938e+01,-2.282026290893554688e+01,-1.349335098266601562e+01,nan,nan,nan,-5.296530723571777344e+00,-1.083602309226989746e+00,nan,nan,nan,nan,nan,nan,nan,nan,nan,nan,nan,nan,nan,nan,nan,nan,-4.399591827392578125e+01,-4.658925247192382812e+01,-3.381541061401367188e+01,-1.825171279907226562e+01,nan,nan,nan,nan,nan,nan,nan,nan,nan,nan,nan,nan,nan,nan,nan,nan,nan,nan,nan,nan,nan,nan,nan,nan,nan,nan,nan,nan,nan,nan,nan,nan,nan,nan,nan,nan,nan,nan,nan,nan,nan,nan,nan,nan,nan,nan,nan,nan,nan,nan,nan,nan,nan,nan,nan,nan,nan,nan,nan,nan,nan,nan,nan,nan,nan
nan,nan,nan,nan,nan,nan,nan,nan,nan,nan,nan,nan,nan,nan,nan,nan,nan,nan,nan,-3.668691635131835938e+01,-2.526494979858398438e+01,-4.155235671997070312e+01,-3.728467178344726562e+01,-2.914898681640625000e+01,-2.576278305053710938e+01,-2.161332702636718750e+01,-1.753257369995117188e+01,-1.886550521850585938e+01,-6.637387752532958984e+00,1.391414761543273926e+00,-9.101673126220703125e+00,nan,nan,nan,nan,nan,nan,nan,nan,nan,nan,nan,nan,nan,nan,nan,nan,nan,nan,nan,-4.852386093139648438e+01,-5.543930816650390625e+01,-4.281314086914062500e+01,nan,nan,nan,nan,nan,nan,nan,nan,nan,nan,nan,nan,nan,nan,nan,nan,nan,nan,nan,nan,nan,nan,nan,nan,nan,nan,nan,nan,nan,nan,nan,nan,nan,nan,nan,nan,nan,nan,nan,nan,nan,nan,nan,nan,nan,nan,nan,nan,nan,nan,nan,nan,nan,nan,nan,nan,nan,nan,nan,nan,nan,nan,nan,nan,nan,nan
nan,nan,nan,nan,nan,nan,nan,nan,nan,nan,nan,nan,nan,nan,nan,nan,nan,nan,nan,nan,-2.496262359619140625e+01,-4.427047348022460938e+01,-3.831855773925781250e+01,-3.066164779663085938e+01,-2.306818199157714844e+01,-1.520808601379394531e+01,-1.208326053619384766e+01,-6.512369155883789062e+00,-8.682016372680664062e+00,8.198653221130371094e+00,-4.612039566040039062e+00,nan,nan,nan,nan,nan,nan,nan,nan,nan,nan,nan,nan,nan,nan,nan,nan,nan,nan,-2.953916168212890625e+01,-4.365019226074218750e+01,-5.329256439208984375e+01,-3.734806442260742188e+01,nan,nan,nan,nan,nan,nan,nan,nan,nan,nan,nan,nan,nan,nan,nan,nan,nan,nan,nan,nan,nan,nan,nan,nan,nan,nan,nan,nan,nan,nan,nan,nan,nan,nan,nan,nan,nan,nan,nan,nan,nan,nan,nan,nan,nan,nan,nan,nan,nan,nan,nan,nan,nan,nan,nan,nan,nan,nan,nan,nan,nan,nan,nan,nan,nan,nan
nan,nan,nan,nan,nan,nan,nan,nan,nan,nan,nan,nan,nan,nan,nan,nan,nan,nan,nan,nan,-3.223620986938476562e+01,-4.230244445800781250e+01,-3.721137237548828125e+01,-3.145229721069335938e+01,-1.563240814208984375e+01,-1.070972442626953125e+01,-1.213377761840820312e+01,-7.196237564086914062e+00,-5.431632995605468750e-01,-6.140451431274414062e-01,-5.659925460815429688e+00,-3.544412136077880859e+00,-1.021775722503662109e+00,nan,nan,nan,nan,nan,nan,nan,nan,nan,nan,nan,nan,nan,nan,nan,-3.245297241210937500e+01,-3.416271972656250000e+01,-4.032213211059570312e+01,-3.146310997009277344e+01,nan,nan,nan,nan,nan,nan,nan,nan,nan,nan,nan,nan,nan,nan,nan,nan,nan,nan,nan,nan,nan,nan,nan,nan,nan,nan,nan,nan,nan,nan,nan,nan,nan,nan,nan,nan,nan,nan,nan,nan,nan,nan,nan,nan,nan,nan,nan,nan,nan,nan,nan,nan,nan,nan,nan,nan,nan,nan,nan,nan,nan,nan,nan,nan,nan,nan,nan
nan,nan,nan,nan,nan,nan,nan,nan,nan,nan,nan,nan,nan,nan,nan,nan,nan,nan,nan,nan,nan,-3.526271057128906250e+01,-3.271267700195312500e+01,-2.942103195190429688e+01,-1.260681724548339844e+01,-1.148906898498535156e+01,-8.263235092163085938e+00,-7.148265838623046875e-02,-4.648809432983398438e-01,nan,nan,nan,nan,nan,nan,nan,nan,nan,nan,nan,nan,nan,nan,nan,nan,nan,-2.756660079956054688e+01,-2.333811950683593750e+01,-1.618914985656738281e+01,-3.263449478149414062e+01,-3.703961181640625000e+01,-2.794889450073242188e+01,-1.718450736999511719e+01,nan,nan,nan,nan,nan,nan,nan,nan,nan,nan,nan,nan,nan,nan,nan,nan,nan,nan,nan,nan,nan,nan,nan,nan,nan,nan,nan,nan,nan,nan,nan,nan,nan,nan,nan,nan,nan,nan,nan,nan,nan,nan,nan,nan,nan,nan,nan,nan,nan,nan,nan,nan,nan,nan,nan,nan,nan,nan,nan,nan,nan,nan,nan,nan,nan,nan
nan,nan,nan,nan,nan,nan,nan,nan,nan,nan,nan,nan,nan,nan,nan,nan,nan,nan,nan,nan,nan,-4.471063613891601562e+01,-3.085266685485839844e+01,-2.586879158020019531e+01,-1.548085117340087891e+01,-1.401880645751953125e+01,-7.020503044128417969e+00,-1.091861724853515625e+00,1.381441020965576172e+01,nan,nan,nan,nan,nan,nan,nan,nan,nan,nan,nan,nan,nan,nan,nan,nan,nan,-3.234572219848632812e+01,-2.621865272521972656e+01,-2.045853614807128906e+01,-1.881003189086914062e+01,-2.693922424316406250e+01,-2.719401168823242188e+01,-3.187973976135253906e+01,nan,nan,nan,nan,nan,nan,nan,nan,nan,nan,nan,nan,nan,nan,nan,nan,nan,nan,nan,nan,nan,nan,nan,nan,nan,nan,nan,nan,nan,nan,nan,nan,nan,nan,nan,nan,nan,nan,nan,nan,nan,nan,nan,nan,nan,nan,nan,nan,nan,nan,nan,nan,nan,nan,nan,nan,nan,nan,nan,nan,nan,nan,nan,nan,nan,nan
nan,nan,nan,nan,nan,nan,nan,nan,nan,nan,nan,nan,nan,nan,nan,nan,nan,nan,nan,nan,nan,-2.956422615051269531e+01,-2.733086776733398438e+01,-2.621667861938476562e+01,-2.029439735412597656e+01,-1.632719612121582031e+01,-1.034854888916015625e+01,-4.755507469177246094e+00,6.215653419494628906e+00,-5.475584030151367188e+00,-2.849533081054687500e+00,nan,nan,nan,nan,nan,nan,nan,nan,nan,nan,nan,nan,nan,nan,nan,-2.249778556823730469e+01,-2.804536819458007812e+01,-1.936972236633300781e+01,-1.174619293212890625e+01,-1.188513278961181641e+01,nan,nan,nan,nan,nan,nan,nan,nan,nan,nan,nan,nan,nan,nan,nan,nan,nan,nan,nan,nan,nan,nan,nan,nan,nan,nan,nan,nan,nan,nan,nan,nan,nan,nan,nan,nan,nan,nan,nan,nan,nan,nan,nan,nan,nan,nan,nan,nan,nan,nan,nan,nan,nan,nan,nan,nan,nan,nan,nan,nan,nan,nan,nan,nan,nan,nan,nan,nan
nan,nan,nan,nan,nan,nan,nan,nan,nan,nan,nan,nan,nan,nan,nan,nan,nan,nan,nan,nan,nan,-2.452839469909667969e+01,-1.652527046203613281e+01,-2.137550735473632812e+01,-1.810417747497558594e+01,-1.419484710693359375e+01,-1.106085777282714844e+01,-7.114833831787109375e+00,-8.744935989379882812e+00,nan,nan,nan,nan,nan,nan,nan,nan,nan,nan,nan,nan,nan,nan,nan,nan,-2.452152633666992188e+01,-1.820744895935058594e+01,-3.810124206542968750e+01,-2.209482192993164062e+01,nan,nan,nan,nan,nan,nan,nan,nan,nan,nan,nan,nan,nan,nan,nan,nan,nan,nan,nan,nan,nan,nan,nan,nan,nan,nan,nan,nan,nan,nan,nan,nan,nan,nan,nan,nan,nan,nan,nan,nan,nan,nan,nan,nan,nan,nan,nan,nan,nan,nan,nan,nan,nan,nan,nan,nan,nan,nan,nan,nan,nan,nan,nan,nan,nan,nan,nan,nan,nan,nan
nan,nan,nan,nan,nan,nan,nan,nan,nan,nan,nan,nan,nan,nan,nan,nan,nan,nan,nan,nan,nan,nan,-5.160917282104492188e+00,-2.494578933715820312e+01,-1.847444915771484375e+01,-1.607991409301757812e+01,-1.687039756774902344e+01,nan,nan,nan,nan,nan,nan,nan,nan,nan,nan,nan,nan,nan,nan,nan,nan,nan,-2.605925941467285156e+01,-2.427350234985351562e+01,-2.117236518859863281e+01,-6.615372180938720703e+00,nan,nan,nan,nan,nan,nan,nan,nan,nan,nan,nan,nan,nan,nan,nan,nan,nan,nan,nan,nan,nan,nan,nan,nan,nan,nan,nan,nan,nan,nan,nan,nan,nan,nan,nan,nan,nan,nan,nan,nan,nan,nan,nan,nan,nan,nan,nan,nan,nan,nan,nan,nan,nan,nan,nan,nan,nan,nan,nan,nan,nan,nan,nan,nan,nan,nan,nan,nan,nan,nan,nan
nan,nan,nan,nan,nan,nan,nan,nan,nan,nan,nan,nan,nan,nan,nan,nan,nan,nan,nan,nan,nan,nan,nan,-3.892984771728515625e+01,-3.249119949340820312e+01,-1.953284454345703125e+01,nan,nan,nan,-7.980510711669921875e+00,nan,nan,nan,nan,nan,nan,nan,nan,nan,nan,nan,nan,-6.015701770782470703e+00,nan,-2.651400184631347656e+01,nan,nan,-7.649695873260498047e+00,nan,nan,nan,nan,nan,nan,nan,nan,nan,nan,nan,nan,nan,nan,nan,nan,nan,nan,nan,nan,nan,nan,nan,nan,nan,nan,nan,nan,nan,nan,nan,nan,nan,nan,nan,nan,nan,nan,nan,nan,nan,nan,nan,nan,nan,nan,nan,nan,nan,nan,nan,nan,nan,nan,nan,nan,nan,nan,nan,nan,nan,nan,nan,nan,nan,nan,nan,nan,nan,nan,nan
nan,nan,nan,nan,nan,nan,nan,nan,nan,nan,nan,nan,nan,nan,nan,nan,nan,nan,nan,nan,nan,nan,nan,-2.028878021240234375e+01,-1.931681060791015625e+01,nan,nan,nan,-1.389858341217041016e+01,nan,nan,nan,nan,nan,nan,nan,nan,nan,nan,nan,nan,nan,nan,nan,-2.730685997009277344e+01,nan,nan,nan,nan,nan,nan,nan,nan,nan,nan,nan,nan,nan,nan,nan,nan,nan,nan,nan,nan,nan,nan,nan,nan,nan,nan,nan,nan,nan,nan,nan,nan,nan,nan,nan,nan,nan,nan,nan,nan,nan,nan,nan,nan,nan,nan,nan,nan,nan,nan,nan,nan,nan,nan,nan,nan,nan,nan,nan,nan,nan,nan,nan,nan,nan,nan,nan,nan,nan,nan,nan,nan,nan,nan
nan,nan,nan,nan,nan,nan,nan,nan,nan,nan,nan,nan,nan,nan,nan,nan,nan,nan,nan,nan,nan,nan,nan,nan,-2.026738929748535156e+01,nan,nan,nan,-1.702995872497558594e+01,nan,nan,nan,nan,nan,nan,nan,nan,nan,nan,nan,nan,nan,nan,nan,nan,-5.770913600921630859e+00,nan,nan,nan,nan,nan,nan,nan,nan,nan,nan,nan,nan,nan,nan,nan,nan,nan,nan,nan,nan,nan,nan,nan,nan,nan,nan,nan,nan,nan,nan,nan,nan,nan,nan,nan,nan,nan,nan,nan,nan,nan,nan,nan,nan,nan,nan,nan,nan,nan,nan,nan,nan,nan,nan,nan,nan,nan,nan,nan,nan,nan,nan,nan,nan,nan,nan,nan,nan,nan,nan,nan,nan,nan
nan,nan,nan,nan,nan,nan,nan,nan,nan,nan,nan,nan,nan,nan,nan,nan,nan,nan,nan,nan,nan,nan,nan,-2.305636787414550781e+01,nan,nan,nan,-2.332592773437500000e+01,nan,nan,nan,nan,nan,nan,nan,nan,nan,nan,nan,nan,nan,nan,nan,nan,nan,-5.721394062042236328e+00,nan,nan,nan,nan,nan,nan,nan,nan,nan,nan,nan,nan,nan,nan,nan,nan,nan,nan,nan,nan,nan,nan,nan,nan,nan,nan,nan,nan,nan,nan,nan,nan,nan,nan,nan,nan,nan,nan,nan,nan,nan,nan,nan,nan,nan,nan,nan,nan,nan,nan,nan,nan,nan,nan,nan,nan,nan,nan,nan,nan,nan,nan,nan,nan,nan,nan,nan,nan,nan,nan,nan,nan,nan
nan,nan,nan,nan,nan,nan,nan,nan,nan,nan,nan,nan,nan,nan,nan,nan,nan,nan,nan,nan,nan,nan,-3.143848228454589844e+01,-2.396515846252441406e+01,nan,nan,nan,nan,nan,nan,nan,nan,nan,nan,nan,nan,nan,nan,nan,nan,nan,nan,nan,nan,nan,nan,nan,nan,nan,nan,nan,nan,nan,nan,nan,nan,nan,nan,nan,nan,nan,nan,nan,nan,nan,nan,nan,nan,nan,nan,nan,nan,nan,nan,nan,nan,nan,nan,nan,nan,nan,nan,nan,nan,nan,nan,nan,nan,nan,nan,nan,nan,nan,nan,nan,nan,nan,nan,nan,nan,nan,nan,nan,nan,nan,nan,nan,nan,nan,nan,nan,nan,nan,nan,nan,nan,nan,nan,nan
nan,nan,nan,nan,nan,nan,nan,nan,nan,nan,nan,nan,nan,nan,nan,nan,nan,nan,nan,nan,nan,nan,nan,nan,nan,nan,nan,nan,nan,nan,nan,nan,nan,nan,nan,nan,nan,nan,nan,nan,nan,nan,nan,nan,nan,nan,nan,nan,nan,nan,nan,nan,nan,nan,nan,nan,nan,nan,nan,nan,nan,nan,nan,nan,nan,nan,nan,nan,nan,nan,nan,nan,nan,nan,nan,nan,nan,nan,nan,nan,nan,nan,nan,nan,nan,nan,nan,nan,nan,nan,nan,nan,nan,nan,nan,nan,nan,nan,nan,nan,nan,nan,nan,nan,nan,nan,nan,nan,nan,nan,nan,nan,nan,nan,nan,nan,nan,nan,nan
nan,nan,nan,nan,nan,nan,nan,nan,nan,nan,nan,nan,nan,nan,nan,nan,nan,nan,nan,nan,nan,nan,nan,nan,nan,nan,nan,nan,nan,nan,nan,nan,nan,nan,nan,nan,nan,nan,nan,nan,nan,nan,nan,nan,nan,nan,nan,nan,nan,nan,nan,nan,nan,nan,nan,nan,nan,nan,nan,nan,nan,nan,nan,nan,nan,nan,nan,nan,nan,nan,nan,nan,nan,nan,nan,nan,nan,nan,nan,nan,nan,nan,nan,nan,nan,nan,nan,nan,nan,nan,nan,nan,nan,nan,nan,nan,nan,nan,nan,nan,nan,nan,nan,nan,nan,nan,nan,nan,nan,nan,nan,nan,nan,nan,nan,nan,nan,nan,nan
nan,nan,nan,nan,nan,nan,nan,nan,nan,nan,nan,nan,nan,nan,nan,nan,nan,nan,nan,nan,nan,nan,nan,nan,nan,nan,nan,nan,nan,nan,nan,nan,nan,nan,nan,nan,nan,nan,nan,nan,nan,nan,nan,nan,nan,nan,nan,nan,nan,nan,nan,nan,nan,nan,nan,nan,nan,nan,nan,nan,nan,nan,nan,nan,nan,nan,nan,nan,nan,nan,nan,nan,nan,nan,nan,nan,nan,nan,nan,nan,nan,nan,nan,nan,nan,nan,nan,nan,nan,nan,nan,nan,nan,nan,nan,nan,nan,nan,nan,nan,nan,nan,nan,nan,nan,nan,nan,nan,nan,nan,nan,nan,nan,nan,nan,nan,nan,nan,nan
nan,nan,nan,nan,nan,nan,nan,nan,nan,nan,nan,nan,nan,nan,nan,nan,nan,nan,nan,nan,nan,nan,nan,nan,nan,nan,nan,nan,nan,nan,nan,nan,nan,nan,nan,nan,nan,nan,nan,nan,nan,nan,nan,nan,nan,nan,nan,nan,nan,nan,nan,nan,nan,nan,nan,nan,nan,nan,nan,nan,nan,nan,nan,nan,nan,nan,nan,nan,nan,nan,nan,nan,nan,nan,nan,nan,nan,nan,nan,nan,nan,nan,nan,nan,nan,nan,nan,nan,nan,nan,nan,nan,nan,nan,nan,nan,nan,nan,nan,nan,nan,nan,nan,nan,nan,nan,nan,nan,nan,nan,nan,nan,nan,nan,nan,nan,nan,nan,nan
nan,nan,nan,nan,nan,nan,nan,nan,nan,nan,nan,nan,nan,nan,nan,nan,nan,nan,nan,nan,nan,nan,nan,nan,nan,nan,nan,nan,nan,nan,nan,nan,nan,nan,nan,nan,nan,nan,nan,nan,nan,nan,nan,nan,nan,nan,nan,nan,nan,nan,nan,nan,nan,nan,nan,nan,nan,nan,nan,nan,nan,nan,nan,nan,nan,nan,nan,nan,nan,nan,nan,nan,nan,nan,nan,nan,nan,nan,nan,nan,nan,nan,nan,nan,nan,nan,nan,nan,nan,nan,nan,nan,nan,nan,nan,nan,nan,nan,nan,nan,nan,nan,nan,nan,nan,nan,nan,nan,nan,nan,nan,nan,nan,nan,nan,nan,nan,nan,nan
nan,nan,nan,nan,nan,nan,nan,nan,nan,nan,nan,nan,nan,nan,nan,nan,nan,nan,nan,nan,nan,nan,nan,nan,nan,nan,nan,nan,nan,nan,nan,nan,nan,nan,nan,nan,nan,nan,nan,nan,nan,nan,nan,nan,nan,nan,nan,nan,nan,nan,nan,nan,nan,nan,nan,nan,nan,nan,nan,nan,nan,nan,nan,nan,nan,nan,nan,nan,nan,nan,nan,nan,nan,nan,nan,nan,nan,nan,nan,nan,nan,nan,nan,nan,nan,nan,nan,nan,nan,nan,nan,nan,nan,nan,nan,nan,nan,nan,nan,nan,nan,nan,nan,nan,nan,nan,nan,nan,nan,nan,nan,nan,nan,nan,nan,nan,nan,nan,nan
nan,nan,nan,nan,nan,nan,nan,nan,nan,nan,nan,nan,nan,nan,nan,nan,nan,nan,nan,nan,nan,nan,nan,nan,nan,nan,nan,nan,nan,nan,nan,nan,nan,nan,nan,nan,nan,nan,nan,nan,nan,nan,nan,nan,nan,nan,nan,nan,nan,nan,nan,nan,nan,nan,nan,nan,nan,nan,nan,nan,nan,nan,nan,nan,nan,nan,nan,nan,nan,nan,nan,nan,nan,nan,nan,nan,nan,nan,nan,nan,nan,nan,nan,nan,nan,nan,nan,nan,nan,nan,nan,nan,nan,nan,nan,nan,nan,nan,nan,nan,nan,nan,nan,nan,nan,nan,nan,nan,nan,nan,nan,nan,nan,nan,nan,nan,nan,nan,nan
nan,nan,nan,nan,nan,nan,nan,nan,nan,nan,nan,nan,nan,nan,nan,nan,nan,nan,nan,nan,nan,nan,nan,nan,nan,nan,nan,nan,nan,nan,nan,nan,nan,nan,nan,nan,nan,nan,nan,nan,nan,nan,nan,nan,nan,nan,nan,nan,nan,nan,nan,nan,nan,nan,nan,nan,nan,nan,nan,nan,nan,nan,nan,nan,nan,nan,nan,nan,nan,nan,nan,nan,nan,nan,nan,nan,nan,nan,nan,nan,nan,nan,nan,nan,nan,nan,nan,nan,nan,nan,nan,nan,nan,nan,nan,nan,nan,nan,nan,nan,nan,nan,nan,nan,nan,nan,nan,nan,nan,nan,nan,nan,nan,nan,nan,nan,nan,nan,nan
nan,nan,nan,nan,nan,nan,nan,nan,nan,nan,nan,nan,nan,nan,nan,nan,nan,nan,nan,nan,nan,nan,nan,nan,nan,nan,nan,nan,nan,nan,nan,nan,nan,nan,nan,nan,nan,nan,nan,nan,nan,nan,nan,nan,nan,nan,nan,nan,nan,nan,nan,nan,nan,nan,nan,nan,nan,nan,nan,nan,nan,nan,nan,nan,nan,nan,nan,nan,nan,nan,nan,nan,nan,nan,nan,nan,nan,nan,nan,nan,nan,nan,nan,nan,nan,nan,nan,nan,nan,nan,nan,nan,nan,nan,nan,nan,nan,nan,nan,nan,nan,nan,nan,nan,nan,nan,nan,nan,nan,nan,nan,nan,nan,nan,nan,nan,nan,nan,nan
nan,nan,nan,nan,nan,nan,nan,nan,nan,nan,nan,nan,nan,nan,nan,nan,nan,nan,nan,nan,nan,nan,nan,nan,nan,nan,nan,nan,nan,nan,nan,nan,nan,nan,nan,nan,nan,nan,nan,nan,nan,nan,nan,nan,nan,nan,nan,nan,nan,nan,nan,nan,nan,nan,nan,nan,nan,nan,nan,nan,nan,nan,nan,nan,nan,nan,nan,nan,nan,nan,nan,nan,nan,nan,nan,nan,nan,nan,nan,nan,nan,nan,nan,nan,nan,nan,nan,nan,nan,nan,nan,nan,nan,nan,nan,nan,nan,nan,nan,nan,nan,nan,nan,nan,nan,nan,nan,nan,nan,nan,nan,nan,nan,nan,nan,nan,nan,nan,nan
nan,nan,nan,nan,nan,nan,nan,nan,nan,nan,nan,nan,nan,nan,nan,nan,nan,nan,nan,nan,nan,nan,nan,nan,nan,nan,nan,nan,nan,nan,nan,nan,nan,nan,nan,nan,nan,nan,nan,nan,nan,nan,nan,nan,nan,nan,nan,nan,nan,nan,nan,nan,nan,nan,nan,nan,nan,nan,nan,nan,nan,nan,nan,nan,nan,nan,nan,nan,nan,nan,nan,nan,nan,nan,nan,nan,nan,nan,nan,nan,nan,nan,nan,nan,nan,nan,nan,nan,nan,nan,nan,nan,nan,nan,nan,nan,nan,nan,nan,nan,nan,nan,nan,nan,nan,nan,nan,nan,nan,nan,nan,nan,nan,nan,nan,nan,nan,nan,nan
nan,nan,nan,nan,nan,nan,nan,nan,nan,nan,nan,nan,nan,nan,nan,nan,nan,nan,nan,nan,nan,nan,nan,nan,nan,nan,nan,nan,nan,nan,nan,nan,nan,nan,nan,nan,nan,nan,nan,nan,nan,nan,nan,nan,nan,nan,nan,nan,nan,nan,nan,nan,nan,nan,nan,nan,nan,nan,nan,nan,nan,nan,nan,nan,nan,nan,nan,nan,nan,nan,nan,nan,nan,nan,nan,nan,nan,nan,nan,nan,nan,nan,nan,nan,nan,nan,nan,nan,nan,nan,nan,nan,nan,nan,nan,nan,nan,nan,nan,nan,nan,nan,nan,nan,nan,nan,nan,nan,nan,nan,nan,nan,nan,nan,nan,nan,nan,nan,nan
nan,nan,nan,nan,nan,nan,nan,nan,nan,nan,nan,nan,nan,nan,nan,nan,nan,nan,nan,nan,nan,nan,nan,nan,nan,nan,nan,nan,nan,nan,nan,nan,nan,nan,nan,nan,nan,nan,nan,nan,nan,nan,nan,nan,nan,nan,nan,nan,nan,nan,nan,nan,nan,nan,nan,nan,nan,nan,nan,nan,nan,nan,nan,nan,nan,nan,nan,nan,nan,nan,nan,nan,nan,nan,nan,nan,nan,nan,nan,nan,nan,nan,nan,nan,nan,nan,nan,nan,nan,nan,nan,nan,nan,nan,nan,nan,nan,nan,nan,nan,nan,nan,nan,nan,nan,nan,nan,nan,nan,nan,nan,nan,nan,nan,nan,nan,nan,nan,nan
nan,nan,nan,nan,nan,nan,nan,nan,nan,nan,nan,nan,nan,nan,nan,nan,nan,nan,nan,nan,nan,nan,nan,nan,nan,nan,nan,nan,nan,nan,nan,nan,nan,nan,nan,nan,nan,nan,nan,nan,nan,nan,nan,nan,nan,nan,nan,nan,nan,nan,nan,nan,nan,nan,nan,nan,nan,nan,nan,nan,nan,nan,nan,nan,nan,nan,nan,nan,nan,nan,nan,nan,nan,nan,nan,nan,nan,nan,nan,nan,nan,nan,nan,nan,nan,nan,nan,nan,nan,nan,nan,nan,nan,nan,nan,nan,nan,nan,nan,nan,nan,nan,nan,nan,nan,nan,nan,nan,nan,nan,nan,nan,nan,nan,nan,nan,nan,nan,nan
nan,nan,nan,nan,nan,nan,nan,nan,nan,nan,nan,nan,nan,nan,nan,nan,nan,nan,nan,nan,nan,nan,nan,nan,nan,nan,nan,nan,nan,nan,nan,nan,nan,nan,nan,nan,nan,nan,nan,nan,nan,nan,nan,nan,nan,nan,nan,nan,nan,nan,nan,nan,nan,nan,nan,nan,nan,nan,nan,nan,nan,nan,nan,nan,nan,nan,nan,nan,nan,nan,nan,nan,nan,nan,nan,nan,nan,nan,nan,nan,nan,nan,nan,nan,nan,nan,nan,nan,nan,nan,nan,nan,nan,nan,nan,nan,nan,nan,nan,nan,nan,nan,nan,nan,nan,nan,nan,nan,nan,nan,nan,nan,nan,nan,nan,nan,nan,nan,nan
nan,nan,nan,nan,nan,nan,nan,nan,nan,nan,nan,nan,nan,nan,nan,nan,nan,nan,nan,nan,nan,nan,nan,nan,nan,nan,nan,nan,nan,nan,nan,nan,nan,nan,nan,nan,nan,nan,nan,nan,nan,nan,nan,nan,nan,nan,nan,nan,nan,nan,nan,nan,nan,nan,nan,nan,nan,nan,nan,nan,nan,nan,nan,nan,nan,nan,nan,nan,nan,nan,nan,nan,nan,nan,nan,nan,nan,nan,nan,nan,nan,nan,nan,nan,nan,nan,nan,nan,nan,nan,nan,nan,nan,nan,nan,nan,nan,nan,nan,nan,nan,nan,nan,nan,nan,nan,nan,nan,nan,nan,nan,nan,nan,nan,nan,nan,nan,nan,nan
nan,nan,nan,nan,nan,nan,nan,nan,nan,nan,nan,nan,nan,nan,nan,nan,nan,nan,nan,nan,nan,nan,nan,nan,nan,nan,nan,nan,nan,nan,nan,nan,nan,nan,nan,nan,nan,nan,nan,nan,nan,nan,nan,nan,nan,nan,nan,nan,nan,nan,nan,nan,nan,nan,nan,nan,nan,nan,nan,nan,nan,nan,nan,nan,nan,nan,nan,nan,nan,nan,nan,nan,nan,nan,nan,nan,nan,nan,nan,nan,nan,nan,nan,nan,nan,nan,nan,nan,nan,nan,nan,nan,nan,nan,nan,nan,nan,nan,nan,nan,nan,nan,nan,nan,nan,nan,nan,nan,nan,nan,nan,nan,nan,nan,nan,nan,nan,nan,nan
nan,nan,nan,nan,nan,nan,nan,nan,nan,nan,nan,nan,nan,nan,nan,nan,nan,nan,nan,nan,nan,nan,nan,nan,nan,nan,nan,nan,nan,nan,nan,nan,nan,nan,nan,nan,nan,nan,nan,nan,nan,nan,nan,nan,nan,nan,nan,nan,nan,nan,nan,nan,nan,nan,nan,nan,nan,nan,nan,nan,nan,nan,nan,nan,nan,nan,nan,nan,nan,nan,nan,nan,nan,nan,nan,nan,nan,nan,nan,nan,nan,nan,nan,nan,nan,nan,nan,nan,nan,nan,nan,nan,nan,nan,nan,nan,nan,nan,nan,nan,nan,nan,nan,nan,nan,nan,nan,nan,nan,nan,nan,nan,nan,nan,nan,nan,nan,nan,nan
nan,nan,nan,nan,nan,nan,nan,nan,nan,nan,nan,nan,nan,nan,nan,nan,nan,nan,nan,nan,nan,nan,nan,nan,nan,nan,nan,nan,nan,nan,nan,nan,nan,nan,nan,nan,nan,nan,nan,nan,nan,nan,nan,nan,nan,nan,nan,nan,nan,nan,nan,nan,nan,nan,nan,nan,nan,nan,nan,nan,nan,nan,nan,nan,nan,nan,nan,nan,nan,nan,nan,nan,nan,nan,nan,nan,nan,nan,nan,nan,nan,nan,nan,nan,nan,nan,nan,nan,nan,nan,nan,nan,nan,nan,nan,nan,nan,nan,nan,nan,nan,nan,nan,nan,nan,nan,nan,nan,nan,nan,nan,nan,nan,nan,nan,nan,nan,nan,nan
nan,nan,nan,nan,nan,nan,nan,nan,nan,nan,nan,nan,nan,nan,nan,nan,nan,nan,nan,nan,nan,nan,nan,nan,nan,nan,nan,nan,nan,nan,nan,nan,nan,nan,nan,nan,nan,nan,nan,nan,nan,nan,nan,nan,nan,nan,nan,nan,nan,nan,nan,nan,nan,nan,nan,nan,nan,nan,nan,nan,nan,nan,nan,nan,nan,nan,nan,nan,nan,nan,nan,nan,nan,nan,nan,nan,nan,nan,nan,nan,nan,nan,nan,nan,nan,nan,nan,nan,nan,nan,nan,nan,nan,nan,nan,nan,nan,nan,nan,nan,nan,nan,nan,nan,nan,nan,nan,nan,nan,nan,nan,nan,nan,nan,nan,nan,nan,nan,nan
nan,nan,nan,nan,nan,nan,nan,nan,nan,nan,nan,nan,nan,nan,nan,nan,nan,nan,nan,nan,nan,nan,nan,nan,nan,nan,nan,nan,nan,nan,nan,nan,nan,nan,nan,nan,nan,nan,nan,nan,nan,nan,nan,nan,nan,nan,nan,nan,nan,nan,nan,nan,nan,nan,nan,nan,nan,nan,nan,nan,nan,nan,nan,nan,nan,nan,nan,nan,nan,nan,nan,nan,nan,nan,nan,nan,nan,nan,nan,nan,nan,nan,nan,nan,nan,nan,nan,nan,nan,nan,nan,nan,nan,nan,nan,nan,nan,nan,nan,nan,nan,nan,nan,nan,nan,nan,nan,nan,nan,nan,nan,nan,nan,nan,nan,nan,nan,nan,nan
nan,nan,nan,nan,nan,nan,nan,nan,nan,nan,nan,nan,nan,nan,nan,nan,nan,nan,nan,nan,nan,nan,nan,nan,nan,nan,nan,nan,nan,nan,nan,nan,nan,nan,nan,nan,nan,nan,nan,nan,nan,nan,nan,nan,nan,nan,nan,nan,nan,nan,nan,nan,nan,nan,nan,nan,nan,nan,nan,nan,nan,nan,nan,nan,nan,nan,nan,nan,nan,nan,nan,nan,nan,nan,nan,nan,nan,nan,nan,nan,nan,nan,nan,nan,nan,nan,nan,nan,nan,nan,nan,nan,nan,nan,nan,nan,nan,nan,nan,nan,nan,nan,nan,nan,nan,nan,nan,nan,nan,nan,nan,nan,nan,nan,nan,nan,nan,nan,nan
nan,nan,nan,nan,nan,nan,nan,nan,nan,nan,nan,nan,nan,nan,nan,nan,nan,nan,nan,nan,nan,nan,nan,nan,nan,nan,nan,nan,nan,nan,nan,nan,nan,nan,nan,nan,nan,nan,nan,nan,nan,nan,nan,nan,nan,nan,nan,nan,nan,nan,nan,nan,nan,nan,nan,nan,nan,nan,nan,nan,nan,nan,nan,nan,nan,nan,nan,nan,nan,nan,nan,nan,nan,nan,nan,nan,nan,nan,nan,nan,nan,nan,nan,nan,nan,nan,nan,nan,nan,nan,nan,nan,nan,nan,nan,nan,nan,nan,nan,nan,nan,nan,nan,nan,nan,nan,nan,nan,nan,nan,nan,nan,nan,nan,nan,nan,nan,nan,nan
nan,nan,nan,nan,nan,nan,nan,nan,nan,nan,nan,nan,nan,nan,nan,nan,nan,nan,nan,nan,nan,nan,nan,nan,nan,nan,nan,nan,nan,nan,nan,nan,nan,nan,nan,nan,nan,nan,nan,nan,nan,nan,nan,nan,nan,nan,nan,nan,nan,nan,nan,nan,nan,nan,nan,nan,nan,nan,nan,nan,nan,nan,nan,nan,nan,nan,nan,nan,nan,nan,nan,nan,nan,nan,nan,nan,nan,nan,nan,nan,nan,nan,nan,nan,nan,nan,nan,nan,nan,nan,nan,nan,nan,nan,nan,nan,nan,nan,nan,nan,nan,nan,nan,nan,nan,nan,nan,nan,nan,nan,nan,nan,nan,nan,nan,nan,nan,nan,nan
nan,nan,nan,nan,nan,nan,nan,nan,nan,nan,nan,nan,nan,nan,nan,nan,nan,nan,nan,nan,nan,nan,nan,nan,nan,nan,nan,nan,nan,nan,nan,nan,nan,nan,nan,nan,nan,nan,nan,nan,nan,nan,nan,nan,nan,nan,nan,nan,nan,nan,nan,nan,nan,nan,nan,nan,nan,nan,nan,nan,nan,nan,nan,nan,nan,nan,nan,nan,nan,nan,nan,nan,nan,nan,nan,nan,nan,nan,nan,nan,nan,nan,nan,nan,nan,nan,nan,nan,nan,nan,nan,nan,nan,nan,nan,nan,nan,nan,nan,nan,nan,nan,nan,nan,nan,nan,nan,nan,nan,nan,nan,nan,nan,nan,nan,nan,nan,nan,nan
nan,nan,nan,nan,nan,nan,nan,nan,nan,nan,nan,nan,nan,nan,nan,nan,nan,nan,nan,nan,nan,nan,nan,nan,nan,nan,nan,nan,nan,nan,nan,nan,nan,nan,nan,nan,nan,nan,nan,nan,nan,nan,nan,nan,nan,nan,nan,nan,nan,nan,nan,nan,nan,nan,nan,nan,nan,nan,nan,nan,nan,nan,nan,nan,nan,nan,nan,nan,nan,nan,nan,nan,nan,nan,nan,nan,nan,nan,nan,nan,nan,nan,nan,nan,nan,nan,nan,nan,nan,nan,nan,nan,nan,nan,nan,nan,nan,nan,nan,nan,nan,nan,nan,nan,nan,nan,nan,nan,nan,nan,nan,nan,nan,nan,nan,nan,nan,nan,nan
nan,nan,nan,nan,nan,nan,nan,nan,nan,nan,nan,nan,nan,nan,nan,nan,nan,nan,nan,nan,nan,nan,nan,nan,nan,nan,nan,nan,nan,nan,nan,nan,nan,nan,nan,nan,nan,nan,nan,nan,nan,nan,nan,nan,nan,nan,nan,nan,nan,nan,nan,nan,nan,nan,nan,nan,nan,nan,nan,nan,nan,nan,nan,nan,nan,nan,nan,nan,nan,nan,nan,nan,nan,nan,nan,nan,nan,nan,nan,nan,nan,nan,nan,nan,nan,nan,nan,nan,nan,nan,nan,nan,nan,nan,nan,nan,nan,nan,nan,nan,nan,nan,nan,nan,nan,nan,nan,nan,nan,nan,nan,nan,nan,nan,nan,nan,nan,nan,nan
nan,nan,nan,nan,nan,nan,nan,nan,nan,nan,nan,nan,nan,nan,nan,nan,nan,nan,nan,nan,nan,nan,nan,nan,nan,nan,nan,nan,nan,nan,nan,nan,nan,nan,nan,nan,nan,nan,nan,nan,nan,nan,nan,nan,nan,nan,nan,nan,nan,nan,nan,nan,nan,nan,nan,nan,nan,nan,nan,nan,nan,nan,nan,nan,nan,nan,nan,nan,nan,nan,nan,nan,nan,nan,nan,nan,nan,nan,nan,nan,nan,nan,nan,nan,nan,nan,nan,nan,nan,nan,nan,nan,nan,nan,nan,nan,nan,nan,nan,nan,nan,nan,nan,nan,nan,nan,nan,nan,nan,nan,nan,nan,nan,nan,nan,nan,nan,nan,nan
nan,nan,nan,nan,nan,nan,nan,nan,nan,nan,nan,nan,nan,nan,nan,nan,nan,nan,nan,nan,nan,nan,nan,nan,nan,nan,nan,nan,nan,nan,nan,nan,nan,nan,nan,nan,nan,nan,nan,nan,nan,nan,nan,nan,nan,nan,nan,nan,nan,nan,nan,nan,nan,nan,nan,nan,nan,nan,nan,nan,nan,nan,nan,nan,nan,nan,nan,nan,nan,nan,nan,nan,nan,nan,nan,nan,nan,nan,nan,nan,nan,nan,nan,nan,nan,nan,nan,nan,nan,nan,nan,nan,nan,nan,nan,nan,nan,nan,nan,nan,nan,nan,nan,nan,nan,nan,nan,nan,nan,nan,nan,nan,nan,nan,nan,nan,nan,nan,nan
nan,nan,nan,nan,nan,nan,nan,nan,nan,nan,nan,nan,nan,nan,nan,nan,nan,nan,nan,nan,nan,nan,nan,nan,nan,nan,nan,nan,nan,nan,nan,nan,nan,nan,nan,nan,nan,nan,nan,nan,nan,nan,nan,nan,nan,nan,nan,nan,nan,nan,nan,nan,nan,nan,nan,nan,nan,nan,nan,nan,nan,nan,nan,nan,nan,nan,nan,nan,nan,nan,nan,nan,nan,nan,nan,nan,nan,nan,nan,nan,nan,nan,nan,nan,nan,nan,nan,nan,nan,nan,nan,nan,nan,nan,nan,nan,nan,nan,nan,nan,nan,nan,nan,nan,nan,nan,nan,nan,nan,nan,nan,nan,nan,nan,nan,nan,nan,nan,nan
nan,nan,nan,nan,nan,nan,nan,nan,nan,nan,nan,nan,nan,nan,nan,nan,nan,nan,nan,nan,nan,nan,nan,nan,nan,nan,nan,nan,nan,nan,nan,nan,nan,nan,nan,nan,nan,nan,nan,nan,nan,nan,nan,nan,nan,nan,nan,nan,nan,nan,nan,nan,nan,nan,nan,nan,nan,nan,nan,nan,nan,nan,nan,nan,nan,nan,nan,nan,nan,nan,nan,nan,nan,nan,nan,nan,nan,nan,nan,nan,nan,nan,nan,nan,nan,nan,nan,nan,nan,nan,nan,nan,nan,nan,nan,nan,nan,nan,nan,nan,nan,nan,nan,nan,nan,nan,nan,nan,nan,nan,nan,nan,nan,nan,nan,nan,nan,nan,nan
nan,nan,nan,nan,nan,nan,nan,nan,nan,nan,nan,nan,nan,nan,nan,nan,nan,nan,nan,nan,nan,nan,nan,nan,nan,nan,nan,nan,nan,nan,nan,nan,nan,nan,nan,nan,nan,nan,nan,nan,nan,nan,nan,nan,nan,nan,nan,nan,nan,nan,nan,nan,nan,nan,nan,nan,nan,nan,nan,nan,nan,nan,nan,nan,nan,nan,nan,nan,nan,nan,nan,nan,nan,nan,nan,nan,nan,nan,nan,nan,nan,nan,nan,nan,nan,nan,nan,nan,nan,nan,nan,nan,nan,nan,nan,nan,nan,nan,nan,nan,nan,nan,nan,nan,nan,nan,nan,nan,nan,nan,nan,nan,nan,nan,nan,nan,nan,nan,nan
